0 1.06828e-32
1.20944e-15 1.06855e-32
2.41888e-15 1.06681e-32
3.62833e-15 1.06304e-32
4.83777e-15 1.05729e-32
6.04721e-15 1.04958e-32
7.25665e-15 1.03997e-32
8.4661e-15 1.02855e-32
9.67554e-15 1.01537e-32
1.0885e-14 1.00054e-32
1.20944e-14 9.8416e-33
1.33039e-14 9.66334e-33
1.45133e-14 9.4718e-33
1.57227e-14 9.26818e-33
1.69322e-14 9.05371e-33
1.81416e-14 8.82968e-33
1.93511e-14 8.59734e-33
2.05605e-14 8.35797e-33
2.177e-14 8.11281e-33
2.29794e-14 7.86308e-33
2.41888e-14 7.60996e-33
2.53983e-14 7.35459e-33
2.66077e-14 7.09804e-33
2.78172e-14 6.84133e-33
2.90266e-14 6.58541e-33
3.02361e-14 6.33116e-33
3.14455e-14 6.0794e-33
3.26549e-14 5.83085e-33
3.38644e-14 5.58619e-33
3.50738e-14 5.346e-33
3.62833e-14 5.1108e-33
3.74927e-14 4.88104e-33
3.87021e-14 4.65711e-33
3.99116e-14 4.43933e-33
4.1121e-14 4.22795e-33
4.23305e-14 4.02318e-33
4.35399e-14 3.82518e-33
4.47494e-14 3.63405e-33
4.59588e-14 3.44985e-33
4.71682e-14 3.27261e-33
4.83777e-14 3.10229e-33
4.95871e-14 2.93887e-33
5.07966e-14 2.78226e-33
5.2006e-14 2.63237e-33
5.32155e-14 2.48907e-33
5.44249e-14 2.35222e-33
5.56343e-14 2.22167e-33
5.68438e-14 2.09725e-33
5.80532e-14 1.97879e-33
5.92627e-14 1.86609e-33
6.04721e-14 1.75897e-33
6.16816e-14 1.65723e-33
6.2891e-14 1.56067e-33
6.41004e-14 1.46909e-33
6.53099e-14 1.38229e-33
6.65193e-14 1.30009e-33
6.77288e-14 1.22227e-33
6.89382e-14 1.14865e-33
7.01476e-14 1.07904e-33
7.13571e-14 1.01326e-33
7.25665e-14 9.51121e-34
7.3776e-14 8.92456e-34
7.49854e-14 8.37094e-34
7.61949e-14 7.84871e-34
7.74043e-14 7.3563e-34
7.86137e-14 6.89219e-34
7.98232e-14 6.45492e-34
8.10326e-14 6.0431e-34
8.22421e-14 5.65538e-34
8.34515e-14 5.29047e-34
8.4661e-14 4.94716e-34
8.58704e-14 4.62426e-34
8.70798e-14 4.32067e-34
8.82893e-14 4.03531e-34
8.94987e-14 3.76718e-34
9.07082e-14 3.51531e-34
9.19176e-14 3.27879e-34
9.3127e-14 3.05674e-34
9.43365e-14 2.84834e-34
9.55459e-14 2.65281e-34
9.67554e-14 2.4694e-34
9.79648e-14 2.29742e-34
9.91743e-14 2.1362e-34
1.00384e-13 1.98511e-34
1.01593e-13 1.84355e-34
1.02803e-13 1.71096e-34
1.04012e-13 1.58681e-34
1.05221e-13 1.47059e-34
1.06431e-13 1.36184e-34
1.0764e-13 1.26011e-34
1.0885e-13 1.16497e-34
1.10059e-13 1.07602e-34
1.11269e-13 9.92887e-35
1.12478e-13 9.15221e-35
1.13688e-13 8.42686e-35
1.14897e-13 7.74968e-35
1.16106e-13 7.11769e-35
1.17316e-13 6.52812e-35
1.18525e-13 5.97834e-35
1.19735e-13 5.46588e-35
1.20944e-13 4.98841e-35
1.22154e-13 4.54374e-35
1.23363e-13 4.12983e-35
1.24573e-13 3.74473e-35
1.25782e-13 3.38663e-35
1.26991e-13 3.05383e-35
1.28201e-13 2.7447e-35
1.2941e-13 2.45776e-35
1.3062e-13 2.19157e-35
1.31829e-13 1.94482e-35
1.33039e-13 1.71624e-35
1.34248e-13 1.50467e-35
1.35458e-13 1.309e-35
1.36667e-13 1.1282e-35
1.37876e-13 9.61311e-36
1.39086e-13 8.07408e-36
1.40295e-13 6.65642e-36
1.41505e-13 5.3521e-36
1.42714e-13 4.15362e-36
1.43924e-13 3.05391e-36
1.45133e-13 2.04634e-36
1.46343e-13 1.12472e-36
1.47552e-13 2.8321e-37
1.48761e-13 -4.83656e-37
1.49971e-13 -1.18101e-36
1.5118e-13 -1.81366e-36
1.5239e-13 -2.38612e-36
1.53599e-13 -2.90263e-36
1.54809e-13 -3.36716e-36
1.56018e-13 -3.78343e-36
1.57227e-13 -4.15495e-36
1.58437e-13 -4.48497e-36
1.59646e-13 -4.77658e-36
1.60856e-13 -5.03265e-36
1.62065e-13 -5.25586e-36
1.63275e-13 -5.44875e-36
1.64484e-13 -5.61366e-36
1.65694e-13 -5.75282e-36
1.66903e-13 -5.86827e-36
1.68112e-13 -5.96195e-36
1.69322e-13 -6.03567e-36
1.70531e-13 -6.09109e-36
1.71741e-13 -6.12979e-36
1.7295e-13 -6.15324e-36
1.7416e-13 -6.16278e-36
1.75369e-13 -6.1597e-36
1.76579e-13 -6.14517e-36
1.77788e-13 -6.12029e-36
1.78997e-13 -6.08608e-36
1.80207e-13 -6.04349e-36
1.81416e-13 -5.9934e-36
1.82626e-13 -5.93662e-36
1.83835e-13 -5.8739e-36
1.85045e-13 -5.80594e-36
1.86254e-13 -5.73339e-36
1.87464e-13 -5.65684e-36
1.88673e-13 -5.57683e-36
1.89882e-13 -5.49386e-36
1.91092e-13 -5.40839e-36
1.92301e-13 -5.32085e-36
1.93511e-13 -5.23161e-36
1.9472e-13 -5.14103e-36
1.9593e-13 -5.04942e-36
1.97139e-13 -4.95707e-36
1.98349e-13 -4.86423e-36
1.99558e-13 -4.77115e-36
2.00767e-13 -4.67804e-36
2.01977e-13 -4.58508e-36
2.03186e-13 -4.49244e-36
2.04396e-13 -4.40029e-36
2.05605e-13 -4.30874e-36
2.06815e-13 -4.21793e-36
2.08024e-13 -4.12796e-36
2.09233e-13 -4.03893e-36
2.10443e-13 -3.95091e-36
2.11652e-13 -3.86398e-36
2.12862e-13 -3.7782e-36
2.14071e-13 -3.69362e-36
2.15281e-13 -3.61029e-36
2.1649e-13 -3.52825e-36
2.177e-13 -3.44753e-36
2.18909e-13 -3.36815e-36
2.20118e-13 -3.29013e-36
2.21328e-13 -3.2135e-36
2.22537e-13 -3.13825e-36
2.23747e-13 -3.06439e-36
2.24956e-13 -2.99193e-36
2.26166e-13 -2.92086e-36
2.27375e-13 -2.85118e-36
2.28585e-13 -2.78289e-36
2.29794e-13 -2.71597e-36
2.31003e-13 -2.65042e-36
2.32213e-13 -2.58622e-36
2.33422e-13 -2.52336e-36
2.34632e-13 -2.46182e-36
2.35841e-13 -2.40159e-36
2.37051e-13 -2.34265e-36
2.3826e-13 -2.28499e-36
2.3947e-13 -2.22859e-36
2.40679e-13 -2.17343e-36
2.41888e-13 -2.1195e-36
2.43098e-13 -2.06678e-36
2.44307e-13 -2.01526e-36
2.45517e-13 -1.96492e-36
2.46726e-13 -1.91575e-36
2.47936e-13 -1.86774e-36
2.49145e-13 -1.82086e-36
2.50355e-13 -1.77511e-36
2.51564e-13 -1.73048e-36
2.52773e-13 -1.68695e-36
2.53983e-13 -1.6445e-36
2.55192e-13 -1.60314e-36
2.56402e-13 -1.56283e-36
2.57611e-13 -1.52358e-36
2.58821e-13 -1.48536e-36
2.6003e-13 -1.44816e-36
2.6124e-13 -1.41196e-36
2.62449e-13 -1.37674e-36
2.63658e-13 -1.3425e-36
2.64868e-13 -1.3092e-36
2.66077e-13 -1.27684e-36
2.67287e-13 -1.24538e-36
2.68496e-13 -1.21481e-36
2.69706e-13 -1.18511e-36
2.70915e-13 -1.15626e-36
2.72124e-13 -1.12823e-36
2.73334e-13 -1.101e-36
2.74543e-13 -1.07455e-36
2.75753e-13 -1.04886e-36
2.76962e-13 -1.0239e-36
2.78172e-13 -9.99653e-37
2.79381e-13 -9.76096e-37
2.80591e-13 -9.53207e-37
2.818e-13 -9.30965e-37
2.83009e-13 -9.0935e-37
2.84219e-13 -8.88341e-37
2.85428e-13 -8.67918e-37
2.86638e-13 -8.48063e-37
2.87847e-13 -8.28757e-37
2.89057e-13 -8.09981e-37
2.90266e-13 -7.91719e-37
2.91476e-13 -7.73953e-37
2.92685e-13 -7.56668e-37
2.93894e-13 -7.39847e-37
2.95104e-13 -7.23475e-37
2.96313e-13 -7.07538e-37
2.97523e-13 -6.92022e-37
2.98732e-13 -6.76913e-37
2.99942e-13 -6.62199e-37
3.01151e-13 -6.47866e-37
3.02361e-13 -6.33903e-37
3.0357e-13 -6.20298e-37
3.04779e-13 -6.0704e-37
3.05989e-13 -5.94119e-37
3.07198e-13 -5.81523e-37
3.08408e-13 -5.69244e-37
3.09617e-13 -5.57271e-37
3.10827e-13 -5.45595e-37
3.12036e-13 -5.34208e-37
3.13246e-13 -5.23101e-37
3.14455e-13 -5.12266e-37
3.15664e-13 -5.01694e-37
3.16874e-13 -4.91379e-37
3.18083e-13 -4.81313e-37
3.19293e-13 -4.71488e-37
3.20502e-13 -4.61899e-37
3.21712e-13 -4.52537e-37
3.22921e-13 -4.43398e-37
3.2413e-13 -4.34475e-37
3.2534e-13 -4.25761e-37
3.26549e-13 -4.17251e-37
3.27759e-13 -4.0894e-37
3.28968e-13 -4.00822e-37
3.30178e-13 -3.92891e-37
3.31387e-13 -3.85144e-37
3.32597e-13 -3.77574e-37
3.33806e-13 -3.70178e-37
3.35015e-13 -3.6295e-37
3.36225e-13 -3.55887e-37
3.37434e-13 -3.48983e-37
3.38644e-13 -3.42234e-37
3.39853e-13 -3.35638e-37
3.41063e-13 -3.29189e-37
3.42272e-13 -3.22884e-37
3.43482e-13 -3.16719e-37
3.44691e-13 -3.1069e-37
3.459e-13 -3.04795e-37
3.4711e-13 -2.99029e-37
3.48319e-13 -2.93389e-37
3.49529e-13 -2.87873e-37
3.50738e-13 -2.82476e-37
3.51948e-13 -2.77197e-37
3.53157e-13 -2.72032e-37
3.54367e-13 -2.66978e-37
3.55576e-13 -2.62033e-37
3.56785e-13 -2.57193e-37
3.57995e-13 -2.52456e-37
3.59204e-13 -2.47821e-37
3.60414e-13 -2.43283e-37
3.61623e-13 -2.38841e-37
3.62833e-13 -2.34493e-37
3.64042e-13 -2.30236e-37
3.65252e-13 -2.26068e-37
3.66461e-13 -2.21987e-37
3.6767e-13 -2.1799e-37
3.6888e-13 -2.14077e-37
3.70089e-13 -2.10244e-37
3.71299e-13 -2.0649e-37
3.72508e-13 -2.02814e-37
3.73718e-13 -1.99212e-37
3.74927e-13 -1.95685e-37
3.76137e-13 -1.92229e-37
3.77346e-13 -1.88843e-37
3.78555e-13 -1.85525e-37
3.79765e-13 -1.82275e-37
3.80974e-13 -1.7909e-37
3.82184e-13 -1.75969e-37
3.83393e-13 -1.72911e-37
3.84603e-13 -1.69914e-37
3.85812e-13 -1.66977e-37
3.87021e-13 -1.64098e-37
3.88231e-13 -1.61276e-37
3.8944e-13 -1.5851e-37
3.9065e-13 -1.55798e-37
3.91859e-13 -1.5314e-37
3.93069e-13 -1.50534e-37
3.94278e-13 -1.4798e-37
3.95488e-13 -1.45475e-37
3.96697e-13 -1.4302e-37
3.97906e-13 -1.40612e-37
3.99116e-13 -1.38251e-37
4.00325e-13 -1.35936e-37
4.01535e-13 -1.33665e-37
4.02744e-13 -1.31439e-37
4.03954e-13 -1.29256e-37
4.05163e-13 -1.27114e-37
4.06373e-13 -1.25014e-37
4.07582e-13 -1.22954e-37
4.08791e-13 -1.20934e-37
4.10001e-13 -1.18952e-37
4.1121e-13 -1.17008e-37
4.1242e-13 -1.15101e-37
4.13629e-13 -1.1323e-37
4.14839e-13 -1.11395e-37
4.16048e-13 -1.09595e-37
4.17258e-13 -1.07828e-37
4.18467e-13 -1.06095e-37
4.19676e-13 -1.04395e-37
4.20886e-13 -1.02727e-37
4.22095e-13 -1.01089e-37
4.23305e-13 -9.9483e-38
4.24514e-13 -9.79067e-38
4.25724e-13 -9.63598e-38
4.26933e-13 -9.48417e-38
4.28143e-13 -9.33519e-38
4.29352e-13 -9.18897e-38
4.30561e-13 -9.04546e-38
4.31771e-13 -8.90461e-38
4.3298e-13 -8.76636e-38
4.3419e-13 -8.63065e-38
4.35399e-13 -8.49744e-38
4.36609e-13 -8.36667e-38
4.37818e-13 -8.2383e-38
4.39028e-13 -8.11226e-38
4.40237e-13 -7.98853e-38
4.41446e-13 -7.86704e-38
4.42656e-13 -7.74776e-38
4.43865e-13 -7.63063e-38
4.45075e-13 -7.51562e-38
4.46284e-13 -7.40267e-38
4.47494e-13 -7.29175e-38
4.48703e-13 -7.18281e-38
4.49912e-13 -7.07581e-38
4.51122e-13 -6.97071e-38
4.52331e-13 -6.86747e-38
4.53541e-13 -6.76605e-38
4.5475e-13 -6.66641e-38
4.5596e-13 -6.56852e-38
4.57169e-13 -6.47232e-38
4.58379e-13 -6.3778e-38
4.59588e-13 -6.28491e-38
4.60797e-13 -6.19361e-38
4.62007e-13 -6.10388e-38
4.63216e-13 -6.01568e-38
4.64426e-13 -5.92896e-38
4.65635e-13 -5.84371e-38
4.66845e-13 -5.75989e-38
4.68054e-13 -5.67747e-38
4.69264e-13 -5.59642e-38
4.70473e-13 -5.51671e-38
4.71682e-13 -5.43832e-38
4.72892e-13 -5.36121e-38
4.74101e-13 -5.28536e-38
4.75311e-13 -5.21075e-38
4.7652e-13 -5.13736e-38
4.7773e-13 -5.06517e-38
4.78939e-13 -4.99415e-38
4.80149e-13 -4.92429e-38
4.81358e-13 -4.85556e-38
4.82567e-13 -4.78797e-38
4.83777e-13 -4.72148e-38
4.84986e-13 -4.65608e-38
4.86196e-13 -4.59177e-38
4.87405e-13 -4.52853e-38
4.88615e-13 -4.46633e-38
4.89824e-13 -4.40518e-38
4.91034e-13 -4.34505e-38
4.92243e-13 -4.28594e-38
4.93452e-13 -4.22782e-38
4.94662e-13 -4.17069e-38
4.95871e-13 -4.11452e-38
4.97081e-13 -4.05931e-38
4.9829e-13 -4.00502e-38
4.995e-13 -3.95166e-38
5.00709e-13 -3.89919e-38
5.01918e-13 -3.84761e-38
5.03128e-13 -3.79688e-38
5.04337e-13 -3.747e-38
5.05547e-13 -3.69795e-38
5.06756e-13 -3.64971e-38
5.07966e-13 -3.60226e-38
5.09175e-13 -3.55558e-38
5.10385e-13 -3.50966e-38
5.11594e-13 -3.46447e-38
5.12803e-13 -3.42001e-38
5.14013e-13 -3.37626e-38
5.15222e-13 -3.3332e-38
5.16432e-13 -3.29082e-38
5.17641e-13 -3.2491e-38
5.18851e-13 -3.20803e-38
5.2006e-13 -3.1676e-38
5.2127e-13 -3.12779e-38
5.22479e-13 -3.08859e-38
5.23688e-13 -3.04998e-38
5.24898e-13 -3.01197e-38
5.26107e-13 -2.97453e-38
5.27317e-13 -2.93765e-38
5.28526e-13 -2.90132e-38
5.29736e-13 -2.86554e-38
5.30945e-13 -2.8303e-38
5.32155e-13 -2.79557e-38
5.33364e-13 -2.76136e-38
5.34573e-13 -2.72766e-38
5.35783e-13 -2.69445e-38
5.36992e-13 -2.66173e-38
5.38202e-13 -2.62948e-38
5.39411e-13 -2.59771e-38
5.40621e-13 -2.5664e-38
5.4183e-13 -2.53554e-38
5.4304e-13 -2.50513e-38
5.44249e-13 -2.47516e-38
5.45458e-13 -2.44562e-38
5.46668e-13 -2.41651e-38
5.47877e-13 -2.38781e-38
5.49087e-13 -2.35952e-38
5.50296e-13 -2.33163e-38
5.51506e-13 -2.30414e-38
5.52715e-13 -2.27704e-38
5.53925e-13 -2.25032e-38
5.55134e-13 -2.22398e-38
5.56343e-13 -2.198e-38
5.57553e-13 -2.17239e-38
5.58762e-13 -2.14714e-38
5.59972e-13 -2.12223e-38
5.61181e-13 -2.09767e-38
5.62391e-13 -2.07345e-38
5.636e-13 -2.04955e-38
5.64809e-13 -2.02599e-38
5.66019e-13 -2.00274e-38
5.67228e-13 -1.97981e-38
5.68438e-13 -1.95719e-38
5.69647e-13 -1.93486e-38
5.70857e-13 -1.91284e-38
5.72066e-13 -1.8911e-38
5.73276e-13 -1.86965e-38
5.74485e-13 -1.84848e-38
5.75694e-13 -1.82759e-38
5.76904e-13 -1.80696e-38
5.78113e-13 -1.7866e-38
5.79323e-13 -1.7665e-38
5.80532e-13 -1.74665e-38
5.81742e-13 -1.72706e-38
5.82951e-13 -1.7077e-38
5.84161e-13 -1.68859e-38
5.8537e-13 -1.66971e-38
5.86579e-13 -1.65106e-38
5.87789e-13 -1.63265e-38
5.88998e-13 -1.61445e-38
5.90208e-13 -1.59647e-38
5.91417e-13 -1.57871e-38
5.92627e-13 -1.56117e-38
5.93836e-13 -1.54383e-38
5.95046e-13 -1.5267e-38
5.96255e-13 -1.50977e-38
5.97464e-13 -1.49304e-38
5.98674e-13 -1.47651e-38
5.99883e-13 -1.46018e-38
6.01093e-13 -1.44404e-38
6.02302e-13 -1.4281e-38
6.03512e-13 -1.41235e-38
6.04721e-13 -1.39678e-38
6.05931e-13 -1.38141e-38
6.0714e-13 -1.36622e-38
6.08349e-13 -1.35122e-38
6.09559e-13 -1.33641e-38
6.10768e-13 -1.32177e-38
6.11978e-13 -1.30733e-38
6.13187e-13 -1.29306e-38
6.14397e-13 -1.27897e-38
6.15606e-13 -1.26507e-38
6.16816e-13 -1.25134e-38
6.18025e-13 -1.23779e-38
6.19234e-13 -1.22441e-38
6.20444e-13 -1.21121e-38
6.21653e-13 -1.19818e-38
6.22863e-13 -1.18533e-38
6.24072e-13 -1.17264e-38
6.25282e-13 -1.16012e-38
6.26491e-13 -1.14776e-38
6.277e-13 -1.13557e-38
6.2891e-13 -1.12355e-38
6.30119e-13 -1.11168e-38
6.31329e-13 -1.09997e-38
6.32538e-13 -1.08841e-38
6.33748e-13 -1.07701e-38
6.34957e-13 -1.06576e-38
6.36167e-13 -1.05466e-38
6.37376e-13 -1.04371e-38
6.38585e-13 -1.03291e-38
6.39795e-13 -1.02225e-38
6.41004e-13 -1.01173e-38
6.42214e-13 -1.00136e-38
6.43423e-13 -9.91122e-39
6.44633e-13 -9.81025e-39
6.45842e-13 -9.71065e-39
6.47052e-13 -9.61239e-39
6.48261e-13 -9.51547e-39
6.4947e-13 -9.41987e-39
6.5068e-13 -9.32557e-39
6.51889e-13 -9.23256e-39
6.53099e-13 -9.14082e-39
6.54308e-13 -9.05034e-39
6.55518e-13 -8.96113e-39
6.56727e-13 -8.8731e-39
6.57937e-13 -8.78628e-39
6.59146e-13 -8.70064e-39
6.60355e-13 -8.61617e-39
6.61565e-13 -8.53285e-39
6.62774e-13 -8.45066e-39
6.63984e-13 -8.36958e-39
6.65193e-13 -8.2896e-39
6.66403e-13 -8.21069e-39
6.67612e-13 -8.13284e-39
6.68822e-13 -8.05602e-39
6.70031e-13 -7.98023e-39
6.7124e-13 -7.90543e-39
6.7245e-13 -7.83162e-39
6.73659e-13 -7.75876e-39
6.74869e-13 -7.68687e-39
6.76078e-13 -7.6159e-39
6.77288e-13 -7.54585e-39
6.78497e-13 -7.4767e-39
6.79706e-13 -7.40843e-39
6.80916e-13 -7.34103e-39
6.82125e-13 -7.27449e-39
6.83335e-13 -7.20879e-39
6.84544e-13 -7.14392e-39
6.85754e-13 -7.07986e-39
6.86963e-13 -7.01661e-39
6.88173e-13 -6.95415e-39
6.89382e-13 -6.89248e-39
6.90591e-13 -6.83159e-39
6.91801e-13 -6.77146e-39
6.9301e-13 -6.7121e-39
6.9422e-13 -6.65348e-39
6.95429e-13 -6.59562e-39
6.96639e-13 -6.5385e-39
6.97848e-13 -6.48213e-39
6.99058e-13 -6.42649e-39
7.00267e-13 -6.3716e-39
7.01476e-13 -6.31744e-39
7.02686e-13 -6.26411e-39
7.03895e-13 -6.21142e-39
7.05105e-13 -6.15948e-39
7.06314e-13 -6.10829e-39
7.07524e-13 -6.05785e-39
7.08733e-13 -6.00817e-39
7.09943e-13 -5.95925e-39
7.11152e-13 -5.91111e-39
7.12361e-13 -5.86374e-39
7.13571e-13 -5.81716e-39
7.1478e-13 -5.77138e-39
7.1599e-13 -5.72641e-39
7.17199e-13 -5.68225e-39
7.18409e-13 -5.63893e-39
7.19618e-13 -5.59645e-39
7.20828e-13 -5.55483e-39
7.22037e-13 -5.51409e-39
7.23246e-13 -5.47425e-39
7.24456e-13 -5.43531e-39
7.25665e-13 -5.39752e-39
7.26875e-13 -5.36049e-39
7.28084e-13 -5.32449e-39
7.29294e-13 -5.2896e-39
7.30503e-13 -5.25596e-39
7.31713e-13 -5.2239e-39
7.32922e-13 -5.19436e-39
7.34131e-13 -5.17197e-39
7.35341e-13 -4.72367e-39
7.3655e-13 -4.67675e-39
7.3776e-13 -4.62995e-39
7.38969e-13 -4.58324e-39
7.40179e-13 -4.53663e-39
7.41388e-13 -4.48953e-39
7.42597e-13 -4.4431e-39
7.43807e-13 -4.39674e-39
7.45016e-13 -4.35047e-39
7.46226e-13 -4.30429e-39
7.47435e-13 -4.25821e-39
7.48645e-13 -4.21225e-39
7.49854e-13 -4.16643e-39
7.51064e-13 -4.12079e-39
7.52273e-13 -4.07533e-39
7.53482e-13 -4.03011e-39
7.54692e-13 -3.98516e-39
7.55901e-13 -3.94052e-39
7.57111e-13 -3.89623e-39
7.5832e-13 -3.85233e-39
7.5953e-13 -3.80886e-39
7.60739e-13 -3.76587e-39
7.61949e-13 -3.72339e-39
7.63158e-13 -3.68146e-39
7.64367e-13 -3.64013e-39
7.65577e-13 -3.59941e-39
7.66786e-13 -3.55933e-39
7.67996e-13 -3.51992e-39
7.69205e-13 -3.4812e-39
7.70415e-13 -3.44318e-39
7.71624e-13 -3.40586e-39
7.72834e-13 -3.36926e-39
7.74043e-13 -3.33337e-39
7.75252e-13 -3.2982e-39
7.76462e-13 -3.26374e-39
7.77671e-13 -3.22997e-39
7.78881e-13 -3.19689e-39
7.8009e-13 -3.16446e-39
7.813e-13 -3.13271e-39
7.82509e-13 -3.1016e-39
7.83719e-13 -3.07117e-39
7.84928e-13 -3.04129e-39
7.86137e-13 -3.01199e-39
7.87347e-13 -2.98326e-39
7.88556e-13 -2.95508e-39
7.89766e-13 -2.92742e-39
7.90975e-13 -2.90027e-39
7.92185e-13 -2.87361e-39
7.93394e-13 -2.84742e-39
7.94604e-13 -2.82169e-39
7.95813e-13 -2.79638e-39
7.97022e-13 -2.7715e-39
7.98232e-13 -2.74702e-39
7.99441e-13 -2.72293e-39
8.00651e-13 -2.69921e-39
8.0186e-13 -2.67585e-39
8.0307e-13 -2.65284e-39
8.04279e-13 -2.63016e-39
8.05488e-13 -2.6078e-39
8.06698e-13 -2.58576e-39
8.07907e-13 -2.56401e-39
8.09117e-13 -2.54256e-39
8.10326e-13 -2.52138e-39
8.11536e-13 -2.50048e-39
8.12745e-13 -2.47984e-39
8.13955e-13 -2.45946e-39
8.15164e-13 -2.43931e-39
8.16373e-13 -2.41939e-39
8.17583e-13 -2.39965e-39
8.18792e-13 -2.3832e-39
8.20002e-13 -2.36419e-39
8.21211e-13 -2.34538e-39
8.22421e-13 -2.32678e-39
8.2363e-13 -2.30837e-39
8.2484e-13 -2.29015e-39
8.26049e-13 -2.27212e-39
8.27258e-13 -2.25427e-39
8.28468e-13 -2.2366e-39
8.29677e-13 -2.21911e-39
8.30887e-13 -2.20179e-39
8.32096e-13 -2.18464e-39
8.33306e-13 -2.16765e-39
8.34515e-13 -2.15082e-39
8.35725e-13 -2.13414e-39
8.36934e-13 -2.11763e-39
8.38143e-13 -2.10127e-39
8.39353e-13 -2.08506e-39
8.40562e-13 -2.069e-39
8.41772e-13 -2.05308e-39
8.42981e-13 -2.03731e-39
8.44191e-13 -2.02168e-39
8.454e-13 -2.00619e-39
8.4661e-13 -1.99083e-39
8.47819e-13 -1.97561e-39
8.49028e-13 -1.96052e-39
8.50238e-13 -1.94556e-39
8.51447e-13 -1.93073e-39
8.52657e-13 -1.91603e-39
8.53866e-13 -1.90146e-39
8.55076e-13 -1.887e-39
8.56285e-13 -1.87267e-39
8.57494e-13 -1.85847e-39
8.58704e-13 -1.84438e-39
8.59913e-13 -1.8304e-39
8.61123e-13 -1.81655e-39
8.62332e-13 -1.80281e-39
8.63542e-13 -1.78918e-39
8.64751e-13 -1.77567e-39
8.65961e-13 -1.76226e-39
8.6717e-13 -1.74897e-39
8.68379e-13 -1.73578e-39
8.69589e-13 -1.72271e-39
8.70798e-13 -1.70973e-39
8.72008e-13 -1.69687e-39
8.73217e-13 -1.68411e-39
8.74427e-13 -1.67144e-39
8.75636e-13 -1.65889e-39
8.76846e-13 -1.64644e-39
8.78055e-13 -1.63408e-39
8.79264e-13 -1.62182e-39
8.80474e-13 -1.60966e-39
8.81683e-13 -1.5976e-39
8.82893e-13 -1.58563e-39
8.84102e-13 -1.57376e-39
8.85312e-13 -1.56198e-39
8.86521e-13 -1.5503e-39
8.87731e-13 -1.53871e-39
8.8894e-13 -1.52722e-39
8.90149e-13 -1.51582e-39
8.91359e-13 -1.5045e-39
8.92568e-13 -1.49328e-39
8.93778e-13 -1.48215e-39
8.94987e-13 -1.47111e-39
8.96197e-13 -1.46016e-39
8.97406e-13 -1.4493e-39
8.98616e-13 -1.43852e-39
8.99825e-13 -1.42784e-39
9.01034e-13 -1.41724e-39
9.02244e-13 -1.40673e-39
9.03453e-13 -1.3963e-39
9.04663e-13 -1.38596e-39
9.05872e-13 -1.37572e-39
9.07082e-13 -1.36555e-39
9.08291e-13 -1.35547e-39
9.09501e-13 -1.34547e-39
9.1071e-13 -1.33556e-39
9.11919e-13 -1.32574e-39
9.13129e-13 -1.316e-39
9.14338e-13 -1.30634e-39
9.15548e-13 -1.29677e-39
9.16757e-13 -1.28728e-39
9.17967e-13 -1.27787e-39
9.19176e-13 -1.26854e-39
9.20385e-13 -1.2593e-39
9.21595e-13 -1.25014e-39
9.22804e-13 -1.24106e-39
9.24014e-13 -1.23207e-39
9.25223e-13 -1.22315e-39
9.26433e-13 -1.21432e-39
9.27642e-13 -1.20556e-39
9.28852e-13 -1.19688e-39
9.30061e-13 -1.18829e-39
9.3127e-13 -1.17977e-39
9.3248e-13 -1.17133e-39
9.33689e-13 -1.16297e-39
9.34899e-13 -1.15468e-39
9.36108e-13 -1.14647e-39
9.37318e-13 -1.13834e-39
9.38527e-13 -1.13028e-39
9.39737e-13 -1.12229e-39
9.40946e-13 -1.11438e-39
9.42155e-13 -1.10653e-39
9.43365e-13 -1.09877e-39
9.44574e-13 -1.09107e-39
9.45784e-13 -1.08344e-39
9.46993e-13 -1.07588e-39
9.48203e-13 -1.06838e-39
9.49412e-13 -1.06095e-39
9.50622e-13 -1.05359e-39
9.51831e-13 -1.04628e-39
9.5304e-13 -1.03904e-39
9.5425e-13 -1.03186e-39
9.55459e-13 -1.02474e-39
9.56669e-13 -1.01768e-39
9.57878e-13 -1.01067e-39
9.59088e-13 -1.00372e-39
9.60297e-13 -9.96823e-40
9.61507e-13 -9.89976e-40
9.62716e-13 -9.83177e-40
9.63925e-13 -9.76426e-40
9.65135e-13 -9.69721e-40
9.66344e-13 -9.63059e-40
9.67554e-13 -9.56439e-40
9.68763e-13 -9.49857e-40
9.69973e-13 -9.43312e-40
9.71182e-13 -9.36802e-40
9.72391e-13 -9.30324e-40
9.73601e-13 -9.23876e-40
9.7481e-13 -9.17455e-40
9.7602e-13 -9.11058e-40
9.77229e-13 -9.0469e-40
9.78439e-13 -8.98334e-40
9.79648e-13 -8.91994e-40
9.80858e-13 -8.85667e-40
9.82067e-13 -8.79351e-40
9.83276e-13 -8.73042e-40
9.84486e-13 -8.66738e-40
9.85695e-13 -8.60435e-40
9.86905e-13 -8.54131e-40
9.88114e-13 -8.47822e-40
9.89324e-13 -8.41493e-40
9.90533e-13 -8.35166e-40
9.91743e-13 -8.28826e-40
9.92952e-13 -8.2247e-40
9.94161e-13 -8.16095e-40
9.95371e-13 -8.097e-40
9.9658e-13 -8.0328e-40
9.9779e-13 -7.96835e-40
9.98999e-13 -7.90362e-40
1.00021e-12 -7.83859e-40
1.00142e-12 -7.77326e-40
1.00263e-12 -7.70761e-40
1.00384e-12 -7.64163e-40
1.00505e-12 -7.57532e-40
1.00626e-12 -7.50869e-40
1.00747e-12 -7.44173e-40
1.00867e-12 -7.37447e-40
1.00988e-12 -7.30727e-40
1.01109e-12 -7.23942e-40
1.0123e-12 -7.17132e-40
1.01351e-12 -7.10301e-40
1.01472e-12 -7.03452e-40
1.01593e-12 -6.96589e-40
1.01714e-12 -6.89717e-40
1.01835e-12 -6.82842e-40
1.01956e-12 -6.7597e-40
1.02077e-12 -6.69107e-40
1.02198e-12 -6.6226e-40
1.02319e-12 -6.55435e-40
1.0244e-12 -6.48641e-40
1.02561e-12 -6.41885e-40
1.02682e-12 -6.35175e-40
1.02803e-12 -6.28519e-40
1.02924e-12 -6.21925e-40
1.03044e-12 -6.154e-40
1.03165e-12 -6.08952e-40
1.03286e-12 -6.02589e-40
1.03407e-12 -5.96317e-40
1.03528e-12 -5.90144e-40
1.03649e-12 -5.84075e-40
1.0377e-12 -5.78116e-40
1.03891e-12 -5.72273e-40
1.04012e-12 -5.6655e-40
1.04133e-12 -5.60951e-40
1.04254e-12 -5.5548e-40
1.04375e-12 -5.50138e-40
1.04496e-12 -5.44929e-40
1.04617e-12 -5.39854e-40
1.04738e-12 -5.34913e-40
1.04859e-12 -5.30108e-40
1.0498e-12 -5.25437e-40
1.05101e-12 -5.209e-40
1.05221e-12 -5.16496e-40
1.05342e-12 -5.12223e-40
1.05463e-12 -5.08079e-40
1.05584e-12 -5.04062e-40
1.05705e-12 -5.00173e-40
1.05826e-12 -4.964e-40
1.05947e-12 -4.92744e-40
1.06068e-12 -4.89202e-40
1.06189e-12 -4.85771e-40
1.0631e-12 -4.82445e-40
1.06431e-12 -4.79221e-40
1.06552e-12 -4.76096e-40
1.06673e-12 -4.73064e-40
1.06794e-12 -4.7012e-40
1.06915e-12 -4.67262e-40
1.07036e-12 -4.64483e-40
1.07157e-12 -4.61902e-40
1.07278e-12 -4.5927e-40
1.07398e-12 -4.56704e-40
1.07519e-12 -4.54201e-40
1.0764e-12 -4.51754e-40
1.07761e-12 -4.49361e-40
1.07882e-12 -4.47015e-40
1.08003e-12 -4.44712e-40
1.08124e-12 -4.42448e-40
1.08245e-12 -4.40218e-40
1.08366e-12 -4.38016e-40
1.08487e-12 -4.35838e-40
1.08608e-12 -4.33679e-40
1.08729e-12 -4.31534e-40
1.0885e-12 -4.29398e-40
1.08971e-12 -4.27266e-40
1.09092e-12 -4.25131e-40
1.09213e-12 -4.2299e-40
1.09334e-12 -4.20836e-40
1.09455e-12 -4.18663e-40
1.09575e-12 -4.16465e-40
1.09696e-12 -4.14238e-40
1.09817e-12 -4.11973e-40
1.09938e-12 -4.09665e-40
1.10059e-12 -4.07308e-40
1.1018e-12 -4.04893e-40
1.10301e-12 -4.02415e-40
1.10422e-12 -3.99866e-40
1.10543e-12 -3.97239e-40
1.10664e-12 -3.94524e-40
1.10785e-12 -3.91715e-40
1.10906e-12 -3.88804e-40
1.11027e-12 -3.85781e-40
1.11148e-12 -3.82637e-40
1.11269e-12 -3.79365e-40
1.1139e-12 -3.75953e-40
1.11511e-12 -3.72394e-40
1.11632e-12 -3.68677e-40
1.11752e-12 -3.64792e-40
1.11873e-12 -3.6073e-40
1.11994e-12 -3.56479e-40
1.12115e-12 -3.52031e-40
1.12236e-12 -3.47374e-40
1.12357e-12 -3.42499e-40
1.12478e-12 -3.37396e-40
1.12599e-12 -3.32054e-40
1.1272e-12 -3.26464e-40
1.12841e-12 -3.20617e-40
1.12962e-12 -3.14503e-40
1.13083e-12 -3.08115e-40
1.13204e-12 -3.01445e-40
1.13325e-12 -2.94486e-40
1.13446e-12 -2.87231e-40
1.13567e-12 -2.79676e-40
1.13688e-12 -2.71816e-40
1.13809e-12 -2.6365e-40
1.13929e-12 -2.55175e-40
1.1405e-12 -2.46392e-40
1.14171e-12 -2.37303e-40
1.14292e-12 -2.2791e-40
1.14413e-12 -2.1822e-40
1.14534e-12 -2.08239e-40
1.14655e-12 -1.97977e-40
1.14776e-12 -1.87443e-40
1.14897e-12 -1.76652e-40
1.15018e-12 -1.65617e-40
1.15139e-12 -1.54356e-40
1.1526e-12 -1.42886e-40
1.15381e-12 -1.31228e-40
1.15502e-12 -1.19403e-40
1.15623e-12 -1.07435e-40
1.15744e-12 -9.53461e-41
1.15865e-12 -8.3163e-41
1.15986e-12 -7.0911e-41
1.16106e-12 -5.86164e-41
1.16227e-12 -4.63059e-41
1.16348e-12 -3.40045e-41
1.16469e-12 -2.17417e-41
1.1659e-12 -9.54198e-42
1.16711e-12 2.56956e-42
1.16832e-12 1.45683e-41
1.16953e-12 2.64295e-41
1.17074e-12 3.81343e-41
1.17195e-12 4.96604e-41
1.17316e-12 6.09886e-41
1.17437e-12 7.21015e-41
1.17558e-12 8.29831e-41
1.17679e-12 9.36193e-41
1.178e-12 1.03998e-40
1.17921e-12 1.14108e-40
1.18042e-12 1.2394e-40
1.18162e-12 1.33489e-40
1.18283e-12 1.42745e-40
1.18404e-12 1.51707e-40
1.18525e-12 1.6037e-40
1.18646e-12 1.68734e-40
1.18767e-12 1.76799e-40
1.18888e-12 1.84565e-40
1.19009e-12 1.92034e-40
1.1913e-12 1.99209e-40
1.19251e-12 2.06095e-40
1.19372e-12 2.12695e-40
1.19493e-12 2.19015e-40
1.19614e-12 2.2506e-40
1.19735e-12 2.30837e-40
1.19856e-12 2.36353e-40
1.19977e-12 2.41613e-40
1.20098e-12 2.46627e-40
1.20219e-12 2.514e-40
1.20339e-12 2.55941e-40
1.2046e-12 2.60257e-40
1.20581e-12 2.64356e-40
1.20702e-12 2.68246e-40
1.20823e-12 2.71934e-40
1.20944e-12 2.75428e-40
1.21065e-12 2.78735e-40
1.21186e-12 2.81863e-40
1.21307e-12 2.8482e-40
1.21428e-12 2.87612e-40
1.21549e-12 2.90245e-40
1.2167e-12 2.92728e-40
1.21791e-12 2.95067e-40
1.21912e-12 2.97268e-40
1.22033e-12 2.99337e-40
1.22154e-12 3.0128e-40
1.22275e-12 3.03103e-40
1.22396e-12 3.04812e-40
1.22516e-12 3.06412e-40
1.22637e-12 3.07909e-40
1.22758e-12 3.09307e-40
1.22879e-12 3.1061e-40
1.23e-12 3.11826e-40
1.23121e-12 3.12956e-40
1.23242e-12 3.14005e-40
1.23363e-12 3.14978e-40
1.23484e-12 3.15878e-40
1.23605e-12 3.16709e-40
1.23726e-12 3.17475e-40
1.23847e-12 3.18178e-40
1.23968e-12 3.18823e-40
1.24089e-12 3.19413e-40
1.2421e-12 3.1995e-40
1.24331e-12 3.20437e-40
1.24452e-12 3.20876e-40
1.24573e-12 3.21271e-40
1.24693e-12 3.21625e-40
1.24814e-12 3.21937e-40
1.24935e-12 3.22213e-40
1.25056e-12 3.22452e-40
1.25177e-12 3.22658e-40
1.25298e-12 3.22832e-40
1.25419e-12 3.22976e-40
1.2554e-12 3.23092e-40
1.25661e-12 3.23181e-40
1.25782e-12 3.23245e-40
1.25903e-12 3.23286e-40
1.26024e-12 3.23304e-40
1.26145e-12 3.233e-40
1.26266e-12 3.23278e-40
1.26387e-12 3.23236e-40
1.26508e-12 3.23178e-40
1.26629e-12 3.23102e-40
1.2675e-12 3.23012e-40
1.2687e-12 3.22907e-40
1.26991e-12 3.22788e-40
1.27112e-12 3.22657e-40
1.27233e-12 3.22513e-40
1.27354e-12 3.22359e-40
1.27475e-12 3.22194e-40
1.27596e-12 3.22019e-40
1.27717e-12 3.21834e-40
1.27838e-12 3.21642e-40
1.27959e-12 3.21441e-40
1.2808e-12 3.21233e-40
1.28201e-12 3.21017e-40
1.28322e-12 3.20796e-40
1.28443e-12 3.20568e-40
1.28564e-12 3.20334e-40
1.28685e-12 3.20096e-40
1.28806e-12 3.19852e-40
1.28927e-12 3.19604e-40
1.29047e-12 3.19351e-40
1.29168e-12 3.19095e-40
1.29289e-12 3.18835e-40
1.2941e-12 3.18572e-40
1.29531e-12 3.18305e-40
1.29652e-12 3.18036e-40
1.29773e-12 3.17764e-40
1.29894e-12 3.1749e-40
1.30015e-12 3.17213e-40
1.30136e-12 3.16935e-40
1.30257e-12 3.16654e-40
1.30378e-12 3.16372e-40
1.30499e-12 3.16089e-40
1.3062e-12 3.15803e-40
1.30741e-12 3.15517e-40
1.30862e-12 3.15229e-40
1.30983e-12 3.14941e-40
1.31104e-12 3.14651e-40
1.31224e-12 3.1436e-40
1.31345e-12 3.14066e-40
1.31466e-12 3.11935e-40
1.31587e-12 3.11655e-40
1.31708e-12 3.11376e-40
1.31829e-12 3.11096e-40
1.3195e-12 3.10817e-40
1.32071e-12 3.10538e-40
1.32192e-12 3.10259e-40
1.32313e-12 3.09981e-40
1.32434e-12 3.09702e-40
1.32555e-12 3.09424e-40
1.32676e-12 3.09146e-40
1.32797e-12 3.08869e-40
1.32918e-12 3.08591e-40
1.33039e-12 3.08314e-40
1.3316e-12 3.08052e-40
1.33281e-12 3.07775e-40
1.33401e-12 3.07498e-40
1.33522e-12 3.07221e-40
1.33643e-12 3.06944e-40
1.33764e-12 3.06668e-40
1.33885e-12 3.06391e-40
1.34006e-12 3.06114e-40
1.34127e-12 3.05838e-40
1.34248e-12 3.05562e-40
1.34369e-12 3.05286e-40
1.3449e-12 3.0501e-40
1.34611e-12 3.04734e-40
1.34732e-12 3.04459e-40
1.34853e-12 3.04183e-40
1.34974e-12 3.03908e-40
1.35095e-12 3.03632e-40
1.35216e-12 3.03357e-40
1.35337e-12 3.03081e-40
1.35458e-12 3.02806e-40
1.35578e-12 3.02531e-40
1.35699e-12 3.02255e-40
1.3582e-12 3.0198e-40
1.35941e-12 3.01705e-40
1.36062e-12 3.0143e-40
1.36183e-12 3.01154e-40
1.36304e-12 3.00879e-40
1.36425e-12 3.00604e-40
1.36546e-12 3.00329e-40
1.36667e-12 3.00053e-40
1.36788e-12 2.99778e-40
1.36909e-12 2.99503e-40
1.3703e-12 2.99227e-40
1.37151e-12 2.98952e-40
1.37272e-12 2.98677e-40
1.37393e-12 2.98401e-40
1.37514e-12 2.98126e-40
1.37635e-12 2.9785e-40
1.37755e-12 2.97575e-40
1.37876e-12 2.97299e-40
1.37997e-12 2.97024e-40
1.38118e-12 2.96748e-40
1.38239e-12 2.96472e-40
1.3836e-12 2.96196e-40
1.38481e-12 2.9592e-40
1.38602e-12 2.95644e-40
1.38723e-12 2.95368e-40
1.38844e-12 2.95092e-40
1.38965e-12 2.94816e-40
1.39086e-12 2.9454e-40
1.39207e-12 2.94263e-40
1.39328e-12 2.93987e-40
1.39449e-12 2.93711e-40
1.3957e-12 2.93434e-40
1.39691e-12 2.93157e-40
1.39812e-12 2.92881e-40
1.39932e-12 2.92604e-40
1.40053e-12 2.92327e-40
1.40174e-12 2.9205e-40
1.40295e-12 2.91773e-40
1.40416e-12 2.91496e-40
1.40537e-12 2.91219e-40
1.40658e-12 2.90941e-40
1.40779e-12 2.90664e-40
1.409e-12 2.90386e-40
1.41021e-12 2.90109e-40
1.41142e-12 2.89831e-40
1.41263e-12 2.89554e-40
1.41384e-12 2.89276e-40
1.41505e-12 2.88998e-40
1.41626e-12 2.8872e-40
1.41747e-12 2.88442e-40
1.41868e-12 2.88164e-40
1.41989e-12 2.87886e-40
1.42109e-12 2.87607e-40
1.4223e-12 2.87329e-40
1.42351e-12 2.87051e-40
1.42472e-12 2.86772e-40
1.42593e-12 2.86494e-40
1.42714e-12 2.86215e-40
1.42835e-12 2.85936e-40
1.42956e-12 2.85657e-40
1.43077e-12 2.85379e-40
1.43198e-12 2.851e-40
1.43319e-12 2.84821e-40
1.4344e-12 2.84542e-40
1.43561e-12 2.8422e-40
1.43682e-12 2.83943e-40
1.43803e-12 2.83664e-40
1.43924e-12 2.83384e-40
1.44045e-12 2.83105e-40
1.44166e-12 2.82825e-40
1.44286e-12 2.82546e-40
1.44407e-12 2.82266e-40
1.44528e-12 2.81987e-40
1.44649e-12 2.81707e-40
1.4477e-12 2.81427e-40
1.44891e-12 2.81147e-40
1.45012e-12 2.80868e-40
1.45133e-12 2.80588e-40
1.45254e-12 2.80308e-40
1.45375e-12 2.80028e-40
1.45496e-12 2.79748e-40
1.45617e-12 2.79468e-40
1.45738e-12 2.79188e-40
1.45859e-12 2.78908e-40
1.4598e-12 2.78628e-40
1.46101e-12 2.78347e-40
1.46222e-12 2.78067e-40
1.46343e-12 2.77787e-40
1.46463e-12 2.77507e-40
1.46584e-12 2.77226e-40
1.46705e-12 2.76946e-40
1.46826e-12 2.76666e-40
1.46947e-12 2.76385e-40
1.47068e-12 2.76105e-40
1.47189e-12 2.75825e-40
1.4731e-12 2.75545e-40
1.47431e-12 2.75264e-40
1.47552e-12 2.74984e-40
1.47673e-12 2.74703e-40
1.47794e-12 2.7436e-40
1.47915e-12 2.7408e-40
1.48036e-12 2.73799e-40
1.48157e-12 2.73519e-40
1.48278e-12 2.73238e-40
1.48399e-12 2.72957e-40
1.48519e-12 2.72677e-40
1.4864e-12 2.72396e-40
1.48761e-12 2.72116e-40
1.48882e-12 2.71835e-40
1.49003e-12 2.71555e-40
1.49124e-12 2.71274e-40
1.49245e-12 2.70994e-40
1.49366e-12 2.70713e-40
1.49487e-12 2.70433e-40
1.49608e-12 2.70152e-40
1.49729e-12 2.69872e-40
1.4985e-12 2.69585e-40
1.49971e-12 2.69304e-40
1.50092e-12 2.69024e-40
1.50213e-12 2.68744e-40
1.50334e-12 2.68463e-40
1.50455e-12 2.68183e-40
1.50576e-12 2.67903e-40
1.50696e-12 2.67623e-40
1.50817e-12 2.67343e-40
1.50938e-12 2.67063e-40
1.51059e-12 2.66783e-40
1.5118e-12 2.66503e-40
1.51301e-12 2.66223e-40
1.51422e-12 2.65944e-40
1.51543e-12 2.65235e-40
1.51664e-12 2.64953e-40
1.51785e-12 2.64672e-40
1.51906e-12 2.64391e-40
1.52027e-12 2.64109e-40
1.52148e-12 2.63828e-40
1.52269e-12 2.63547e-40
1.5239e-12 2.63266e-40
1.52511e-12 2.62985e-40
1.52632e-12 2.62704e-40
1.52753e-12 2.62423e-40
1.52873e-12 2.62142e-40
1.52994e-12 2.61861e-40
1.53115e-12 2.6158e-40
1.53236e-12 2.61299e-40
1.53357e-12 2.61018e-40
1.53478e-12 2.60737e-40
1.53599e-12 2.60456e-40
1.5372e-12 2.60176e-40
1.53841e-12 2.59895e-40
1.53962e-12 2.59614e-40
1.54083e-12 2.59334e-40
1.54204e-12 2.59053e-40
1.54325e-12 2.58773e-40
1.54446e-12 2.58493e-40
1.54567e-12 2.58212e-40
1.54688e-12 2.57932e-40
1.54809e-12 2.57652e-40
1.5493e-12 2.57371e-40
1.5505e-12 2.57091e-40
1.55171e-12 2.56811e-40
1.55292e-12 2.56531e-40
1.55413e-12 2.56251e-40
1.55534e-12 2.55971e-40
1.55655e-12 2.55691e-40
1.55776e-12 2.55412e-40
1.55897e-12 2.55132e-40
1.56018e-12 2.54852e-40
1.56139e-12 2.54573e-40
1.5626e-12 2.54293e-40
1.56381e-12 2.54014e-40
1.56502e-12 2.53734e-40
1.56623e-12 2.53455e-40
1.56744e-12 2.53176e-40
1.56865e-12 2.52896e-40
1.56986e-12 2.52617e-40
1.57107e-12 2.52338e-40
1.57227e-12 2.52059e-40
1.57348e-12 2.5178e-40
1.57469e-12 2.51501e-40
1.5759e-12 2.51222e-40
1.57711e-12 2.50943e-40
1.57832e-12 2.50665e-40
1.57953e-12 2.50386e-40
1.58074e-12 2.50108e-40
1.58195e-12 2.49829e-40
1.58316e-12 2.49551e-40
1.58437e-12 2.49272e-40
1.58558e-12 2.48994e-40
1.58679e-12 2.48716e-40
1.588e-12 2.48438e-40
1.58921e-12 2.4816e-40
1.59042e-12 2.47973e-40
1.59163e-12 2.47694e-40
1.59284e-12 2.47415e-40
1.59404e-12 2.47136e-40
1.59525e-12 2.4684e-40
1.59646e-12 2.46561e-40
1.59767e-12 2.46282e-40
1.59888e-12 2.46004e-40
1.60009e-12 2.45725e-40
1.6013e-12 2.45447e-40
1.60251e-12 2.45169e-40
1.60372e-12 2.44891e-40
1.60493e-12 2.44613e-40
1.60614e-12 2.44335e-40
1.60735e-12 2.44057e-40
1.60856e-12 2.43779e-40
1.60977e-12 2.43502e-40
1.61098e-12 2.43224e-40
1.61219e-12 2.42946e-40
1.6134e-12 2.42669e-40
1.61461e-12 2.42392e-40
1.61581e-12 2.42115e-40
1.61702e-12 2.41837e-40
1.61823e-12 2.4156e-40
1.61944e-12 2.41283e-40
1.62065e-12 2.41007e-40
1.62186e-12 2.4073e-40
1.62307e-12 2.40453e-40
1.62428e-12 2.40177e-40
1.62549e-12 2.399e-40
1.6267e-12 2.39624e-40
1.62791e-12 2.39347e-40
1.62912e-12 2.39071e-40
1.63033e-12 2.38795e-40
1.63154e-12 2.38519e-40
1.63275e-12 2.38243e-40
1.63396e-12 2.37967e-40
1.63517e-12 2.37692e-40
1.63638e-12 2.37416e-40
1.63758e-12 2.37141e-40
1.63879e-12 2.36865e-40
1.64e-12 2.3659e-40
1.64121e-12 2.36315e-40
1.64242e-12 2.3604e-40
1.64363e-12 2.35765e-40
1.64484e-12 2.3549e-40
1.64605e-12 2.35215e-40
1.64726e-12 2.3494e-40
1.64847e-12 2.34621e-40
1.64968e-12 2.34346e-40
1.65089e-12 2.34072e-40
1.6521e-12 2.33798e-40
1.65331e-12 2.33524e-40
1.65452e-12 2.3325e-40
1.65573e-12 2.32976e-40
1.65694e-12 2.32702e-40
1.65815e-12 2.32429e-40
1.65935e-12 2.32155e-40
1.66056e-12 2.31882e-40
1.66177e-12 2.31609e-40
1.66298e-12 2.31335e-40
1.66419e-12 2.31062e-40
1.6654e-12 2.30789e-40
1.66661e-12 2.30517e-40
1.66782e-12 2.3024e-40
1.66903e-12 2.29967e-40
1.67024e-12 2.29695e-40
1.67145e-12 2.29422e-40
1.67266e-12 2.2915e-40
1.67387e-12 2.28878e-40
1.67508e-12 2.28606e-40
1.67629e-12 2.28335e-40
1.6775e-12 2.28063e-40
1.67871e-12 2.27792e-40
1.67992e-12 2.2752e-40
1.68112e-12 2.27249e-40
1.68233e-12 2.26978e-40
1.68354e-12 2.26707e-40
1.68475e-12 2.26436e-40
1.68596e-12 2.26166e-40
1.68717e-12 2.25895e-40
1.68838e-12 2.25625e-40
1.68959e-12 2.25354e-40
1.6908e-12 2.25084e-40
1.69201e-12 2.24814e-40
1.69322e-12 2.24545e-40
1.69443e-12 2.24275e-40
1.69564e-12 2.24006e-40
1.69685e-12 2.23736e-40
1.69806e-12 2.23467e-40
1.69927e-12 2.23198e-40
1.70048e-12 2.22929e-40
1.70169e-12 2.2266e-40
1.70289e-12 2.22395e-40
1.7041e-12 2.22126e-40
1.70531e-12 2.21858e-40
1.70652e-12 2.2159e-40
1.70773e-12 2.21322e-40
1.70894e-12 2.21054e-40
1.71015e-12 2.20786e-40
1.71136e-12 2.20519e-40
1.71257e-12 2.20252e-40
1.71378e-12 2.19984e-40
1.71499e-12 2.19717e-40
1.7162e-12 2.19451e-40
1.71741e-12 2.19184e-40
1.71862e-12 2.18917e-40
1.71983e-12 2.18651e-40
1.72104e-12 2.18385e-40
1.72225e-12 2.18119e-40
1.72346e-12 2.17853e-40
1.72466e-12 2.17588e-40
1.72587e-12 2.17322e-40
1.72708e-12 2.17057e-40
1.72829e-12 2.16792e-40
1.7295e-12 2.16527e-40
1.73071e-12 2.16262e-40
1.73192e-12 2.15997e-40
1.73313e-12 2.15733e-40
1.73434e-12 2.15469e-40
1.73555e-12 2.15205e-40
1.73676e-12 2.14941e-40
1.73797e-12 2.14677e-40
1.73918e-12 2.14414e-40
1.74039e-12 2.1415e-40
1.7416e-12 2.13887e-40
1.74281e-12 2.13624e-40
1.74402e-12 2.13361e-40
1.74523e-12 2.13099e-40
1.74643e-12 2.12836e-40
1.74764e-12 2.12577e-40
1.74885e-12 2.12315e-40
1.75006e-12 2.12053e-40
1.75127e-12 2.11791e-40
1.75248e-12 2.11529e-40
1.75369e-12 2.11268e-40
1.7549e-12 2.11007e-40
1.75611e-12 2.10746e-40
1.75732e-12 2.10485e-40
1.75853e-12 2.10225e-40
1.75974e-12 2.09964e-40
1.76095e-12 2.09704e-40
1.76216e-12 2.09444e-40
1.76337e-12 2.09184e-40
1.76458e-12 2.08925e-40
1.76579e-12 2.08665e-40
1.767e-12 2.08406e-40
1.7682e-12 2.08147e-40
1.76941e-12 2.07888e-40
1.77062e-12 2.07629e-40
1.77183e-12 2.07371e-40
1.77304e-12 2.07112e-40
1.77425e-12 2.06854e-40
1.77546e-12 2.06596e-40
1.77667e-12 2.06338e-40
1.77788e-12 2.06081e-40
1.77909e-12 2.05823e-40
1.7803e-12 2.05566e-40
1.78151e-12 2.05309e-40
1.78272e-12 2.05052e-40
1.78393e-12 2.04796e-40
1.78514e-12 2.04539e-40
1.78635e-12 2.04283e-40
1.78756e-12 2.04027e-40
1.78876e-12 2.03771e-40
1.78997e-12 2.03515e-40
1.79118e-12 2.0326e-40
1.79239e-12 2.03004e-40
1.7936e-12 2.02749e-40
1.79481e-12 2.02494e-40
1.79602e-12 2.0224e-40
1.79723e-12 2.01985e-40
1.79844e-12 2.01731e-40
1.79965e-12 2.01476e-40
1.80086e-12 2.01222e-40
1.80207e-12 2.00969e-40
1.80328e-12 2.00715e-40
1.80449e-12 2.00461e-40
1.8057e-12 2.00208e-40
1.80691e-12 1.99955e-40
1.80812e-12 1.99702e-40
1.80933e-12 1.99449e-40
1.81053e-12 1.99197e-40
1.81174e-12 1.98944e-40
1.81295e-12 1.98692e-40
1.81416e-12 1.9844e-40
1.81537e-12 1.98188e-40
1.81658e-12 1.97937e-40
1.81779e-12 1.97685e-40
1.819e-12 1.97434e-40
1.82021e-12 1.97183e-40
1.82142e-12 1.96932e-40
1.82263e-12 1.96681e-40
1.82384e-12 1.96431e-40
1.82505e-12 1.9618e-40
1.82626e-12 1.9593e-40
1.82747e-12 1.9568e-40
1.82868e-12 1.9543e-40
1.82989e-12 1.95181e-40
1.8311e-12 1.94931e-40
1.8323e-12 1.94682e-40
1.83351e-12 1.94433e-40
1.83472e-12 1.94184e-40
1.83593e-12 1.93935e-40
1.83714e-12 1.93686e-40
1.83835e-12 1.93438e-40
1.83956e-12 1.9319e-40
1.84077e-12 1.92942e-40
1.84198e-12 1.92694e-40
1.84319e-12 1.92446e-40
1.8444e-12 1.92199e-40
1.84561e-12 1.91951e-40
1.84682e-12 1.91704e-40
1.84803e-12 1.91457e-40
1.84924e-12 1.9121e-40
1.85045e-12 1.90964e-40
1.85166e-12 1.90717e-40
1.85287e-12 1.90471e-40
1.85407e-12 1.90225e-40
1.85528e-12 1.89979e-40
1.85649e-12 1.89733e-40
1.8577e-12 1.89487e-40
1.85891e-12 1.89242e-40
1.86012e-12 1.88997e-40
1.86133e-12 1.88752e-40
1.86254e-12 1.88507e-40
1.86375e-12 1.88262e-40
1.86496e-12 1.88017e-40
1.86617e-12 1.87773e-40
1.86738e-12 1.87529e-40
1.86859e-12 1.87285e-40
1.8698e-12 1.87041e-40
1.87101e-12 1.86797e-40
1.87222e-12 1.86553e-40
1.87343e-12 1.8631e-40
1.87464e-12 1.86067e-40
1.87584e-12 1.85824e-40
1.87705e-12 1.85581e-40
1.87826e-12 1.85338e-40
1.87947e-12 1.85096e-40
1.88068e-12 1.84853e-40
1.88189e-12 1.84611e-40
1.8831e-12 1.84369e-40
1.88431e-12 1.84128e-40
1.88552e-12 1.83886e-40
1.88673e-12 1.83645e-40
1.88794e-12 1.83407e-40
1.88915e-12 1.83165e-40
1.89036e-12 1.82924e-40
1.89157e-12 1.82684e-40
1.89278e-12 1.82443e-40
1.89399e-12 1.82203e-40
1.8952e-12 1.81962e-40
1.89641e-12 1.81722e-40
1.89761e-12 1.81482e-40
1.89882e-12 1.81242e-40
1.90003e-12 1.81003e-40
1.90124e-12 1.80763e-40
1.90245e-12 1.80524e-40
1.90366e-12 1.80285e-40
1.90487e-12 1.80046e-40
1.90608e-12 1.79807e-40
1.90729e-12 1.79568e-40
1.9085e-12 1.7933e-40
1.90971e-12 1.79091e-40
1.91092e-12 1.78853e-40
1.91213e-12 1.78615e-40
1.91334e-12 1.78377e-40
1.91455e-12 1.7814e-40
1.91576e-12 1.77902e-40
1.91697e-12 1.77665e-40
1.91818e-12 1.77428e-40
1.91938e-12 1.77191e-40
1.92059e-12 1.76954e-40
1.9218e-12 1.76718e-40
1.92301e-12 1.76481e-40
1.92422e-12 1.76245e-40
1.92543e-12 1.76009e-40
1.92664e-12 1.75773e-40
1.92785e-12 1.75537e-40
1.92906e-12 1.75302e-40
1.93027e-12 1.75066e-40
1.93148e-12 1.74831e-40
1.93269e-12 1.74596e-40
1.9339e-12 1.74361e-40
1.93511e-12 1.74126e-40
1.93632e-12 1.73892e-40
1.93753e-12 1.73658e-40
1.93874e-12 1.73423e-40
1.93995e-12 1.73189e-40
1.94115e-12 1.72955e-40
1.94236e-12 1.72722e-40
1.94357e-12 1.72488e-40
1.94478e-12 1.72255e-40
1.94599e-12 1.72022e-40
1.9472e-12 1.71789e-40
1.94841e-12 1.71556e-40
1.94962e-12 1.71323e-40
1.95083e-12 1.71091e-40
1.95204e-12 1.70859e-40
1.95325e-12 1.70627e-40
1.95446e-12 1.70395e-40
1.95567e-12 1.70163e-40
1.95688e-12 1.69931e-40
1.95809e-12 1.697e-40
1.9593e-12 1.69469e-40
1.96051e-12 1.69238e-40
1.96172e-12 1.69007e-40
1.96292e-12 1.68776e-40
1.96413e-12 1.68546e-40
1.96534e-12 1.68315e-40
1.96655e-12 1.68085e-40
1.96776e-12 1.67855e-40
1.96897e-12 1.67626e-40
1.97018e-12 1.67396e-40
1.97139e-12 1.67166e-40
1.9726e-12 1.66937e-40
1.97381e-12 1.66708e-40
1.97502e-12 1.66479e-40
1.97623e-12 1.66251e-40
1.97744e-12 1.66022e-40
1.97865e-12 1.65794e-40
1.97986e-12 1.65565e-40
1.98107e-12 1.65337e-40
1.98228e-12 1.6511e-40
1.98349e-12 1.64882e-40
1.98469e-12 1.64655e-40
1.9859e-12 1.64427e-40
1.98711e-12 1.642e-40
1.98832e-12 1.63973e-40
1.98953e-12 1.63747e-40
1.99074e-12 1.6352e-40
1.99195e-12 1.63294e-40
1.99316e-12 1.63067e-40
1.99437e-12 1.62841e-40
1.99558e-12 1.62616e-40
1.99679e-12 1.6239e-40
1.998e-12 1.62165e-40
1.99921e-12 1.61939e-40
2.00042e-12 1.61714e-40
2.00163e-12 1.61489e-40
2.00284e-12 1.61265e-40
2.00405e-12 1.6104e-40
2.00526e-12 1.60816e-40
2.00646e-12 1.60592e-40
2.00767e-12 1.60368e-40
2.00888e-12 1.60144e-40
2.01009e-12 1.5992e-40
2.0113e-12 1.59697e-40
2.01251e-12 1.59474e-40
2.01372e-12 1.59251e-40
2.01493e-12 1.59028e-40
2.01614e-12 1.58805e-40
2.01735e-12 1.58583e-40
2.01856e-12 1.5836e-40
2.01977e-12 1.58138e-40
2.02098e-12 1.57916e-40
2.02219e-12 1.57694e-40
2.0234e-12 1.57473e-40
2.02461e-12 1.57251e-40
2.02582e-12 1.5703e-40
2.02703e-12 1.56809e-40
2.02823e-12 1.56588e-40
2.02944e-12 1.56368e-40
2.03065e-12 1.56147e-40
2.03186e-12 1.55927e-40
2.03307e-12 1.55707e-40
2.03428e-12 1.55487e-40
2.03549e-12 1.55267e-40
2.0367e-12 1.55048e-40
2.03791e-12 1.54829e-40
2.03912e-12 1.5461e-40
2.04033e-12 1.54391e-40
2.04154e-12 1.54172e-40
2.04275e-12 1.53953e-40
2.04396e-12 1.53735e-40
2.04517e-12 1.53517e-40
2.04638e-12 1.53299e-40
2.04759e-12 1.53081e-40
2.0488e-12 1.52863e-40
2.05e-12 1.52646e-40
2.05121e-12 1.52429e-40
2.05242e-12 1.52211e-40
2.05363e-12 1.51995e-40
2.05484e-12 1.51778e-40
2.05605e-12 1.51561e-40
2.05726e-12 1.51345e-40
2.05847e-12 1.51129e-40
2.05968e-12 1.50913e-40
2.06089e-12 1.50697e-40
2.0621e-12 1.50482e-40
2.06331e-12 1.50266e-40
2.06452e-12 1.50051e-40
2.06573e-12 1.49836e-40
2.06694e-12 1.49621e-40
2.06815e-12 1.49407e-40
2.06936e-12 1.49192e-40
2.07056e-12 1.48978e-40
2.07177e-12 1.48764e-40
2.07298e-12 1.4855e-40
2.07419e-12 1.48337e-40
2.0754e-12 1.48252e-40
2.07661e-12 1.48038e-40
2.07782e-12 1.47824e-40
2.07903e-12 1.4761e-40
2.08024e-12 1.47396e-40
2.08145e-12 1.47183e-40
2.08266e-12 1.4697e-40
2.08387e-12 1.46756e-40
2.08508e-12 1.46544e-40
2.08629e-12 1.46331e-40
2.0875e-12 1.46118e-40
2.08871e-12 1.45906e-40
2.08992e-12 1.45694e-40
2.09113e-12 1.45482e-40
2.09233e-12 1.4527e-40
2.09354e-12 1.45059e-40
2.09475e-12 1.44847e-40
2.09596e-12 1.44636e-40
2.09717e-12 1.44425e-40
2.09838e-12 1.44214e-40
2.09959e-12 1.44004e-40
2.1008e-12 1.43793e-40
2.10201e-12 1.43583e-40
2.10322e-12 1.43373e-40
2.10443e-12 1.43163e-40
2.10564e-12 1.42954e-40
2.10685e-12 1.42744e-40
2.10806e-12 1.42535e-40
2.10927e-12 1.42326e-40
2.11048e-12 1.42117e-40
2.11169e-12 1.41909e-40
2.1129e-12 1.417e-40
2.1141e-12 1.41492e-40
2.11531e-12 1.41284e-40
2.11652e-12 1.41076e-40
2.11773e-12 1.40868e-40
2.11894e-12 1.40661e-40
2.12015e-12 1.40454e-40
2.12136e-12 1.40247e-40
2.12257e-12 1.4004e-40
2.12378e-12 1.39833e-40
2.12499e-12 1.39627e-40
2.1262e-12 1.3942e-40
2.12741e-12 1.39214e-40
2.12862e-12 1.39008e-40
2.12983e-12 1.38802e-40
2.13104e-12 1.38597e-40
2.13225e-12 1.38392e-40
2.13346e-12 1.38186e-40
2.13467e-12 1.37982e-40
2.13587e-12 1.37777e-40
2.13708e-12 1.37572e-40
2.13829e-12 1.37368e-40
2.1395e-12 1.37164e-40
2.14071e-12 1.3696e-40
2.14192e-12 1.36756e-40
2.14313e-12 1.36552e-40
2.14434e-12 1.36349e-40
2.14555e-12 1.36146e-40
2.14676e-12 1.35943e-40
2.14797e-12 1.3574e-40
2.14918e-12 1.35537e-40
2.15039e-12 1.35335e-40
2.1516e-12 1.35133e-40
2.15281e-12 1.34931e-40
2.15402e-12 1.34729e-40
2.15523e-12 1.34527e-40
2.15644e-12 1.34326e-40
2.15764e-12 1.34124e-40
2.15885e-12 1.33923e-40
2.16006e-12 1.33722e-40
2.16127e-12 1.33522e-40
2.16248e-12 1.33321e-40
2.16369e-12 1.33121e-40
2.1649e-12 1.32921e-40
2.16611e-12 1.32721e-40
2.16732e-12 1.32521e-40
2.16853e-12 1.32321e-40
2.16974e-12 1.32122e-40
2.17095e-12 1.31923e-40
2.17216e-12 1.31724e-40
2.17337e-12 1.31525e-40
2.17458e-12 1.31327e-40
2.17579e-12 1.31128e-40
2.177e-12 1.3093e-40
2.17821e-12 1.30732e-40
2.17941e-12 1.30534e-40
2.18062e-12 1.30337e-40
2.18183e-12 1.30139e-40
2.18304e-12 1.29942e-40
2.18425e-12 1.29745e-40
2.18546e-12 1.29548e-40
2.18667e-12 1.29351e-40
2.18788e-12 1.29155e-40
2.18909e-12 1.28959e-40
2.1903e-12 1.28763e-40
2.19151e-12 1.28567e-40
2.19272e-12 1.28371e-40
2.19393e-12 1.28176e-40
2.19514e-12 1.2798e-40
2.19635e-12 1.27785e-40
2.19756e-12 1.2759e-40
2.19877e-12 1.27396e-40
2.19998e-12 1.27201e-40
2.20118e-12 1.27007e-40
2.20239e-12 1.26813e-40
2.2036e-12 1.26619e-40
2.20481e-12 1.26425e-40
2.20602e-12 1.26231e-40
2.20723e-12 1.2604e-40
2.20844e-12 1.25846e-40
2.20965e-12 1.25653e-40
2.21086e-12 1.25461e-40
2.21207e-12 1.25268e-40
2.21328e-12 1.25076e-40
2.21449e-12 1.24883e-40
2.2157e-12 1.24691e-40
2.21691e-12 1.24499e-40
2.21812e-12 1.24308e-40
2.21933e-12 1.24116e-40
2.22054e-12 1.23925e-40
2.22175e-12 1.23734e-40
2.22295e-12 1.23543e-40
2.22416e-12 1.23353e-40
2.22537e-12 1.23162e-40
2.22658e-12 1.22972e-40
2.22779e-12 1.22782e-40
2.229e-12 1.22592e-40
2.23021e-12 1.22402e-40
2.23142e-12 1.22213e-40
2.23263e-12 1.22023e-40
2.23384e-12 1.21893e-40
2.23505e-12 1.21704e-40
2.23626e-12 1.21515e-40
2.23747e-12 1.21326e-40
2.23868e-12 1.21137e-40
2.23989e-12 1.20948e-40
2.2411e-12 1.2076e-40
2.24231e-12 1.20572e-40
2.24352e-12 1.20384e-40
2.24472e-12 1.20196e-40
2.24593e-12 1.20009e-40
2.24714e-12 1.19821e-40
2.24835e-12 1.19634e-40
2.24956e-12 1.19447e-40
2.25077e-12 1.1926e-40
2.25198e-12 1.19074e-40
2.25319e-12 1.18888e-40
2.2544e-12 1.18701e-40
2.25561e-12 1.18515e-40
2.25682e-12 1.1833e-40
2.25803e-12 1.18144e-40
2.25924e-12 1.17959e-40
2.26045e-12 1.17773e-40
2.26166e-12 1.17588e-40
2.26287e-12 1.17404e-40
2.26408e-12 1.17219e-40
2.26529e-12 1.17035e-40
2.26649e-12 1.1685e-40
2.2677e-12 1.16666e-40
2.26891e-12 1.16482e-40
2.27012e-12 1.16299e-40
2.27133e-12 1.16115e-40
2.27254e-12 1.15932e-40
2.27375e-12 1.15749e-40
2.27496e-12 1.15566e-40
2.27617e-12 1.15384e-40
2.27738e-12 1.15201e-40
2.27859e-12 1.15019e-40
2.2798e-12 1.14837e-40
2.28101e-12 1.14655e-40
2.28222e-12 1.14473e-40
2.28343e-12 1.14292e-40
2.28464e-12 1.14111e-40
2.28585e-12 1.1393e-40
2.28706e-12 1.13749e-40
2.28826e-12 1.13568e-40
2.28947e-12 1.13388e-40
2.29068e-12 1.13207e-40
2.29189e-12 1.13027e-40
2.2931e-12 1.12847e-40
2.29431e-12 1.12668e-40
2.29552e-12 1.12488e-40
2.29673e-12 1.12309e-40
2.29794e-12 1.1213e-40
2.29915e-12 1.11951e-40
2.30036e-12 1.11772e-40
2.30157e-12 1.11593e-40
2.30278e-12 1.11415e-40
2.30399e-12 1.11237e-40
2.3052e-12 1.11059e-40
2.30641e-12 1.10881e-40
2.30762e-12 1.10704e-40
2.30883e-12 1.10526e-40
2.31003e-12 1.10349e-40
2.31124e-12 1.10172e-40
2.31245e-12 1.09996e-40
2.31366e-12 1.09819e-40
2.31487e-12 1.09643e-40
2.31608e-12 1.09466e-40
2.31729e-12 1.09291e-40
2.3185e-12 1.09115e-40
2.31971e-12 1.08939e-40
2.32092e-12 1.08764e-40
2.32213e-12 1.08589e-40
2.32334e-12 1.08414e-40
2.32455e-12 1.08239e-40
2.32576e-12 1.08064e-40
2.32697e-12 1.0789e-40
2.32818e-12 1.07716e-40
2.32939e-12 1.07542e-40
2.3306e-12 1.07368e-40
2.3318e-12 1.07194e-40
2.33301e-12 1.07021e-40
2.33422e-12 1.06848e-40
2.33543e-12 1.06674e-40
2.33664e-12 1.06502e-40
2.33785e-12 1.06329e-40
2.33906e-12 1.06157e-40
2.34027e-12 1.05984e-40
2.34148e-12 1.05812e-40
2.34269e-12 1.0564e-40
2.3439e-12 1.05469e-40
2.34511e-12 1.05297e-40
2.34632e-12 1.05126e-40
2.34753e-12 1.04955e-40
2.34874e-12 1.04784e-40
2.34995e-12 1.04613e-40
2.35116e-12 1.04443e-40
2.35237e-12 1.04273e-40
2.35357e-12 1.04103e-40
2.35478e-12 1.03933e-40
2.35599e-12 1.03763e-40
2.3572e-12 1.03593e-40
2.35841e-12 1.03424e-40
2.35962e-12 1.03255e-40
2.36083e-12 1.03086e-40
2.36204e-12 1.02917e-40
2.36325e-12 1.02749e-40
2.36446e-12 1.02581e-40
2.36567e-12 1.02412e-40
2.36688e-12 1.02245e-40
2.36809e-12 1.02077e-40
2.3693e-12 1.01909e-40
2.37051e-12 1.01745e-40
2.37172e-12 1.01578e-40
2.37293e-12 1.01411e-40
2.37413e-12 1.01244e-40
2.37534e-12 1.01077e-40
2.37655e-12 1.00911e-40
2.37776e-12 1.00745e-40
2.37897e-12 1.00579e-40
2.38018e-12 1.00413e-40
2.38139e-12 1.00247e-40
2.3826e-12 1.00082e-40
2.38381e-12 9.99167e-41
2.38502e-12 9.97517e-41
2.38623e-12 9.95869e-41
2.38744e-12 9.94222e-41
2.38865e-12 9.92578e-41
2.38986e-12 9.90935e-41
2.39107e-12 9.89295e-41
2.39228e-12 9.87656e-41
2.39349e-12 9.86019e-41
2.3947e-12 9.84384e-41
2.3959e-12 9.82752e-41
2.39711e-12 9.81121e-41
2.39832e-12 9.79492e-41
2.39953e-12 9.77865e-41
2.40074e-12 9.7624e-41
2.40195e-12 9.74617e-41
2.40316e-12 9.72996e-41
2.40437e-12 9.71376e-41
2.40558e-12 9.69759e-41
2.40679e-12 9.68144e-41
2.408e-12 9.66531e-41
2.40921e-12 9.64919e-41
2.41042e-12 9.6331e-41
2.41163e-12 9.61702e-41
2.41284e-12 9.60096e-41
2.41405e-12 9.58493e-41
2.41526e-12 9.56891e-41
2.41647e-12 9.55291e-41
2.41767e-12 9.53693e-41
2.41888e-12 9.52098e-41
2.42009e-12 9.50504e-41
2.4213e-12 9.48911e-41
2.42251e-12 9.47321e-41
2.42372e-12 9.45733e-41
2.42493e-12 9.44147e-41
2.42614e-12 9.42563e-41
2.42735e-12 9.4098e-41
2.42856e-12 9.394e-41
2.42977e-12 9.37821e-41
2.43098e-12 9.36245e-41
2.43219e-12 9.3467e-41
2.4334e-12 9.33097e-41
2.43461e-12 9.31526e-41
2.43582e-12 9.29958e-41
2.43703e-12 9.28391e-41
2.43824e-12 9.26826e-41
2.43944e-12 9.25263e-41
2.44065e-12 9.23701e-41
2.44186e-12 9.22142e-41
2.44307e-12 9.20585e-41
2.44428e-12 9.19029e-41
2.44549e-12 9.17476e-41
2.4467e-12 9.15924e-41
2.44791e-12 9.14375e-41
2.44912e-12 9.12827e-41
2.45033e-12 9.11281e-41
2.45154e-12 9.09737e-41
2.45275e-12 9.08195e-41
2.45396e-12 9.06655e-41
2.45517e-12 9.05117e-41
2.45638e-12 9.03581e-41
2.45759e-12 9.02047e-41
2.4588e-12 9.00514e-41
2.46001e-12 8.98984e-41
2.46121e-12 8.97455e-41
2.46242e-12 8.95928e-41
2.46363e-12 8.94404e-41
2.46484e-12 8.92881e-41
2.46605e-12 8.9136e-41
2.46726e-12 8.89841e-41
2.46847e-12 8.88324e-41
2.46968e-12 8.86809e-41
2.47089e-12 8.85295e-41
2.4721e-12 8.83784e-41
2.47331e-12 8.82274e-41
2.47452e-12 8.80767e-41
2.47573e-12 8.79261e-41
2.47694e-12 8.77757e-41
2.47815e-12 8.76256e-41
2.47936e-12 8.74756e-41
2.48057e-12 8.73258e-41
2.48178e-12 8.71761e-41
2.48298e-12 8.70267e-41
2.48419e-12 8.68775e-41
2.4854e-12 8.67284e-41
2.48661e-12 8.65796e-41
2.48782e-12 8.64309e-41
2.48903e-12 8.62824e-41
2.49024e-12 8.61341e-41
2.49145e-12 8.5986e-41
2.49266e-12 8.58381e-41
2.49387e-12 8.56904e-41
2.49508e-12 8.55428e-41
2.49629e-12 8.53955e-41
2.4975e-12 8.52483e-41
2.49871e-12 8.51014e-41
2.49992e-12 8.49546e-41
2.50113e-12 8.4808e-41
2.50234e-12 8.46616e-41
2.50355e-12 8.45154e-41
2.50475e-12 8.43694e-41
2.50596e-12 8.42235e-41
2.50717e-12 8.40779e-41
2.50838e-12 8.39324e-41
2.50959e-12 8.37871e-41
2.5108e-12 8.3642e-41
2.51201e-12 8.34971e-41
2.51322e-12 8.33524e-41
2.51443e-12 8.32079e-41
2.51564e-12 8.30636e-41
2.51685e-12 8.29194e-41
2.51806e-12 8.27755e-41
2.51927e-12 8.26317e-41
2.52048e-12 8.24881e-41
2.52169e-12 8.23447e-41
2.5229e-12 8.22015e-41
2.52411e-12 8.20584e-41
2.52532e-12 8.19156e-41
2.52652e-12 8.17729e-41
2.52773e-12 8.16305e-41
2.52894e-12 8.14882e-41
2.53015e-12 8.13461e-41
2.53136e-12 8.12042e-41
2.53257e-12 8.10625e-41
2.53378e-12 8.09209e-41
2.53499e-12 8.07796e-41
2.5362e-12 8.06384e-41
2.53741e-12 8.04974e-41
2.53862e-12 8.03566e-41
2.53983e-12 8.0216e-41
2.54104e-12 8.00756e-41
2.54225e-12 7.99353e-41
2.54346e-12 7.97953e-41
2.54467e-12 7.96554e-41
2.54588e-12 7.95157e-41
2.54709e-12 7.93762e-41
2.54829e-12 7.92369e-41
2.5495e-12 7.90978e-41
2.55071e-12 7.89588e-41
2.55192e-12 7.88201e-41
2.55313e-12 7.86815e-41
2.55434e-12 7.85431e-41
2.55555e-12 7.84049e-41
2.55676e-12 7.82669e-41
2.55797e-12 7.8129e-41
2.55918e-12 7.79914e-41
2.56039e-12 7.78539e-41
2.5616e-12 7.77166e-41
2.56281e-12 7.75795e-41
2.56402e-12 7.74426e-41
2.56523e-12 7.73058e-41
2.56644e-12 7.71692e-41
2.56765e-12 7.70329e-41
2.56886e-12 7.68967e-41
2.57006e-12 7.67607e-41
2.57127e-12 7.66248e-41
2.57248e-12 7.64892e-41
2.57369e-12 7.63537e-41
2.5749e-12 7.62184e-41
2.57611e-12 7.60833e-41
2.57732e-12 7.59484e-41
2.57853e-12 7.58137e-41
2.57974e-12 7.56791e-41
2.58095e-12 7.55448e-41
2.58216e-12 7.54106e-41
2.58337e-12 7.52766e-41
2.58458e-12 7.51427e-41
2.58579e-12 7.50091e-41
2.587e-12 7.48756e-41
2.58821e-12 7.47423e-41
2.58942e-12 7.46093e-41
2.59063e-12 7.44764e-41
2.59183e-12 7.43436e-41
2.59304e-12 7.42111e-41
2.59425e-12 7.40787e-41
2.59546e-12 7.39465e-41
2.59667e-12 7.38145e-41
2.59788e-12 7.36826e-41
2.59909e-12 7.3551e-41
2.6003e-12 7.34195e-41
2.60151e-12 7.32882e-41
2.60272e-12 7.3157e-41
2.60393e-12 7.30261e-41
2.60514e-12 7.28953e-41
2.60635e-12 7.27647e-41
2.60756e-12 7.26343e-41
2.60877e-12 7.25041e-41
2.60998e-12 7.23741e-41
2.61119e-12 7.22442e-41
2.6124e-12 7.21145e-41
2.6136e-12 7.1985e-41
2.61481e-12 7.18556e-41
2.61602e-12 7.17265e-41
2.61723e-12 7.15975e-41
2.61844e-12 7.14687e-41
2.61965e-12 7.13401e-41
2.62086e-12 7.12116e-41
2.62207e-12 7.10834e-41
2.62328e-12 7.09553e-41
2.62449e-12 7.08274e-41
2.6257e-12 7.06996e-41
2.62691e-12 7.05721e-41
2.62812e-12 7.04447e-41
2.62933e-12 7.03175e-41
2.63054e-12 7.01905e-41
2.63175e-12 7.00636e-41
2.63296e-12 6.99369e-41
2.63417e-12 6.98104e-41
2.63537e-12 6.96841e-41
2.63658e-12 6.9558e-41
2.63779e-12 6.9432e-41
2.639e-12 6.93062e-41
2.64021e-12 6.91806e-41
2.64142e-12 6.90551e-41
2.64263e-12 6.89299e-41
2.64384e-12 6.88048e-41
2.64505e-12 6.86798e-41
2.64626e-12 6.85551e-41
2.64747e-12 6.84305e-41
2.64868e-12 6.83061e-41
2.64989e-12 6.81819e-41
2.6511e-12 6.80579e-41
2.65231e-12 6.7934e-41
2.65352e-12 6.78103e-41
2.65473e-12 6.76868e-41
2.65593e-12 6.75634e-41
2.65714e-12 6.74403e-41
2.65835e-12 6.73172e-41
2.65956e-12 6.71944e-41
2.66077e-12 6.70718e-41
2.66198e-12 6.69493e-41
2.66319e-12 6.6827e-41
2.6644e-12 6.67048e-41
2.66561e-12 6.65829e-41
2.66682e-12 6.64611e-41
2.66803e-12 6.63395e-41
2.66924e-12 6.6218e-41
2.67045e-12 6.60968e-41
2.67166e-12 6.59757e-41
2.67287e-12 6.58547e-41
2.67408e-12 6.5734e-41
2.67529e-12 6.56134e-41
2.6765e-12 6.5493e-41
2.6777e-12 6.53727e-41
2.67891e-12 6.52527e-41
2.68012e-12 6.51328e-41
2.68133e-12 6.50131e-41
2.68254e-12 6.48935e-41
2.68375e-12 6.47741e-41
2.68496e-12 6.46549e-41
2.68617e-12 6.45359e-41
2.68738e-12 6.4417e-41
2.68859e-12 6.42983e-41
2.6898e-12 6.41798e-41
2.69101e-12 6.40614e-41
2.69222e-12 6.39432e-41
2.69343e-12 6.38252e-41
2.69464e-12 6.37073e-41
2.69585e-12 6.35896e-41
2.69706e-12 6.34721e-41
2.69827e-12 6.33548e-41
2.69947e-12 6.32376e-41
2.70068e-12 6.31206e-41
2.70189e-12 6.30038e-41
2.7031e-12 6.28871e-41
2.70431e-12 6.27706e-41
2.70552e-12 6.26543e-41
2.70673e-12 6.25381e-41
2.70794e-12 6.24221e-41
2.70915e-12 6.23063e-41
2.71036e-12 6.21906e-41
2.71157e-12 6.20751e-41
2.71278e-12 6.19598e-41
2.71399e-12 6.18446e-41
2.7152e-12 6.17297e-41
2.71641e-12 6.16148e-41
2.71762e-12 6.15002e-41
2.71883e-12 6.13857e-41
2.72004e-12 6.12713e-41
2.72124e-12 6.11571e-41
2.72245e-12 6.09968e-41
2.72366e-12 6.08832e-41
2.72487e-12 6.07697e-41
2.72608e-12 6.06563e-41
2.72729e-12 6.05432e-41
2.7285e-12 6.04302e-41
2.72971e-12 6.03174e-41
2.73092e-12 6.02047e-41
2.73213e-12 6.00922e-41
2.73334e-12 5.99799e-41
2.73455e-12 5.98677e-41
2.73576e-12 5.97557e-41
2.73697e-12 5.96439e-41
2.73818e-12 5.95322e-41
2.73939e-12 5.94207e-41
2.7406e-12 5.93093e-41
2.74181e-12 5.91982e-41
2.74301e-12 5.90872e-41
2.74422e-12 5.89763e-41
2.74543e-12 5.88656e-41
2.74664e-12 5.87551e-41
2.74785e-12 5.86447e-41
2.74906e-12 5.85345e-41
2.75027e-12 5.84245e-41
2.75148e-12 5.83146e-41
2.75269e-12 5.82049e-41
2.7539e-12 5.80953e-41
2.75511e-12 5.7986e-41
2.75632e-12 5.78767e-41
2.75753e-12 5.77677e-41
2.75874e-12 5.76588e-41
2.75995e-12 5.755e-41
2.76116e-12 5.74415e-41
2.76237e-12 5.7333e-41
2.76358e-12 5.72248e-41
2.76478e-12 5.71167e-41
2.76599e-12 5.70088e-41
2.7672e-12 5.6901e-41
2.76841e-12 5.67934e-41
2.76962e-12 5.66859e-41
2.77083e-12 5.65786e-41
2.77204e-12 5.64715e-41
2.77325e-12 5.63645e-41
2.77446e-12 5.62577e-41
2.77567e-12 5.61511e-41
2.77688e-12 5.60446e-41
2.77809e-12 5.59383e-41
2.7793e-12 5.58321e-41
2.78051e-12 5.57261e-41
2.78172e-12 5.56202e-41
2.78293e-12 5.55145e-41
2.78414e-12 5.5409e-41
2.78535e-12 5.53036e-41
2.78655e-12 5.51984e-41
2.78776e-12 5.50933e-41
2.78897e-12 5.49884e-41
2.79018e-12 5.48837e-41
2.79139e-12 5.47791e-41
2.7926e-12 5.46747e-41
2.79381e-12 5.45704e-41
2.79502e-12 5.44663e-41
2.79623e-12 5.43623e-41
2.79744e-12 5.42585e-41
2.79865e-12 5.41549e-41
2.79986e-12 5.40514e-41
2.80107e-12 5.39481e-41
2.80228e-12 5.38449e-41
2.80349e-12 5.37419e-41
2.8047e-12 5.3639e-41
2.80591e-12 5.35363e-41
2.80712e-12 5.34338e-41
2.80832e-12 5.33314e-41
2.80953e-12 5.32292e-41
2.81074e-12 5.31271e-41
2.81195e-12 5.30252e-41
2.81316e-12 5.29234e-41
2.81437e-12 5.28218e-41
2.81558e-12 5.27203e-41
2.81679e-12 5.2619e-41
2.818e-12 5.25179e-41
2.81921e-12 5.24169e-41
2.82042e-12 5.2316e-41
2.82163e-12 5.22153e-41
2.82284e-12 5.21148e-41
2.82405e-12 5.20144e-41
2.82526e-12 5.19142e-41
2.82647e-12 5.18141e-41
2.82768e-12 5.17142e-41
2.82889e-12 5.16145e-41
2.83009e-12 5.15148e-41
2.8313e-12 5.14154e-41
2.83251e-12 5.13161e-41
2.83372e-12 5.12169e-41
2.83493e-12 5.11179e-41
2.83614e-12 5.10191e-41
2.83735e-12 5.09205e-41
2.83856e-12 5.08219e-41
2.83977e-12 5.07235e-41
2.84098e-12 5.06253e-41
2.84219e-12 5.05272e-41
2.8434e-12 5.04293e-41
2.84461e-12 5.03315e-41
2.84582e-12 5.02338e-41
2.84703e-12 5.01363e-41
2.84824e-12 5.0039e-41
2.84945e-12 4.99418e-41
2.85066e-12 4.98448e-41
2.85186e-12 4.97479e-41
2.85307e-12 4.96512e-41
2.85428e-12 4.95546e-41
2.85549e-12 4.94582e-41
2.8567e-12 4.93619e-41
2.85791e-12 4.92657e-41
2.85912e-12 4.91698e-41
2.86033e-12 4.90739e-41
2.86154e-12 4.89782e-41
2.86275e-12 4.88827e-41
2.86396e-12 4.87873e-41
2.86517e-12 4.86921e-41
2.86638e-12 4.8597e-41
2.86759e-12 4.8502e-41
2.8688e-12 4.84072e-41
2.87001e-12 4.83126e-41
2.87122e-12 4.82181e-41
2.87243e-12 4.81237e-41
2.87363e-12 4.80295e-41
2.87484e-12 4.79355e-41
2.87605e-12 4.78416e-41
2.87726e-12 4.77478e-41
2.87847e-12 4.76542e-41
2.87968e-12 4.75607e-41
2.88089e-12 4.74674e-41
2.8821e-12 4.73742e-41
2.88331e-12 4.72812e-41
2.88452e-12 4.71883e-41
2.88573e-12 4.70955e-41
2.88694e-12 4.7003e-41
2.88815e-12 4.69105e-41
2.88936e-12 4.68182e-41
2.89057e-12 4.67261e-41
2.89178e-12 4.6634e-41
2.89299e-12 4.65422e-41
2.8942e-12 4.64505e-41
2.8954e-12 4.63589e-41
2.89661e-12 4.62675e-41
2.89782e-12 4.61762e-41
2.89903e-12 4.6085e-41
2.90024e-12 4.5994e-41
2.90145e-12 4.59032e-41
2.90266e-12 4.58125e-41
2.90387e-12 4.57219e-41
2.90508e-12 4.56315e-41
2.90629e-12 4.55412e-41
2.9075e-12 4.54511e-41
2.90871e-12 4.53611e-41
2.90992e-12 4.52712e-41
2.91113e-12 4.51815e-41
2.91234e-12 4.5092e-41
2.91355e-12 4.50026e-41
2.91476e-12 4.49133e-41
2.91597e-12 4.48241e-41
2.91717e-12 4.47352e-41
2.91838e-12 4.46463e-41
2.91959e-12 4.45576e-41
2.9208e-12 4.4469e-41
2.92201e-12 4.43806e-41
2.92322e-12 4.42923e-41
2.92443e-12 4.42042e-41
2.92564e-12 4.41162e-41
2.92685e-12 4.40283e-41
2.92806e-12 4.39406e-41
2.92927e-12 4.3853e-41
2.93048e-12 4.37655e-41
2.93169e-12 4.36782e-41
2.9329e-12 4.35911e-41
2.93411e-12 4.35041e-41
2.93532e-12 4.34172e-41
2.93653e-12 4.33304e-41
2.93774e-12 4.32438e-41
2.93894e-12 4.31574e-41
2.94015e-12 4.3071e-41
2.94136e-12 4.29849e-41
2.94257e-12 4.28987e-41
2.94378e-12 4.28128e-41
2.94499e-12 4.27271e-41
2.9462e-12 4.26414e-41
2.94741e-12 4.25559e-41
2.94862e-12 4.24706e-41
2.94983e-12 4.23854e-41
2.95104e-12 4.23003e-41
2.95225e-12 4.22153e-41
2.95346e-12 4.21305e-41
2.95467e-12 4.20459e-41
2.95588e-12 4.19613e-41
2.95709e-12 4.18769e-41
2.9583e-12 4.17927e-41
2.9595e-12 4.17086e-41
2.96071e-12 4.16246e-41
2.96192e-12 4.15407e-41
2.96313e-12 4.1457e-41
2.96434e-12 4.13734e-41
2.96555e-12 4.129e-41
2.96676e-12 4.12067e-41
2.96797e-12 4.11235e-41
2.96918e-12 4.10405e-41
2.97039e-12 4.09576e-41
2.9716e-12 4.08748e-41
2.97281e-12 4.07922e-41
2.97402e-12 4.07097e-41
2.97523e-12 4.06273e-41
2.97644e-12 4.05451e-41
2.97765e-12 4.0463e-41
2.97886e-12 4.0381e-41
2.98007e-12 4.02992e-41
2.98127e-12 4.02175e-41
2.98248e-12 4.0136e-41
2.98369e-12 4.00545e-41
2.9849e-12 3.99733e-41
2.98611e-12 3.98921e-41
2.98732e-12 3.98111e-41
2.98853e-12 3.97302e-41
2.98974e-12 3.96494e-41
2.99095e-12 3.95688e-41
2.99216e-12 3.94883e-41
2.99337e-12 3.9408e-41
2.99458e-12 3.93277e-41
2.99579e-12 3.92476e-41
2.997e-12 3.91677e-41
2.99821e-12 3.90878e-41
2.99942e-12 3.90081e-41
3.00063e-12 3.89286e-41
3.00184e-12 3.88491e-41
3.00304e-12 3.87698e-41
3.00425e-12 3.86906e-41
3.00546e-12 3.86116e-41
3.00667e-12 3.85327e-41
3.00788e-12 3.84539e-41
3.00909e-12 3.83752e-41
3.0103e-12 3.82967e-41
3.01151e-12 3.82183e-41
3.01272e-12 3.81401e-41
3.01393e-12 3.80619e-41
3.01514e-12 3.79839e-41
3.01635e-12 3.79061e-41
3.01756e-12 3.78283e-41
3.01877e-12 3.77507e-41
3.01998e-12 3.76732e-41
3.02119e-12 3.75958e-41
3.0224e-12 3.75186e-41
3.02361e-12 3.74415e-41
3.02481e-12 3.73645e-41
3.02602e-12 3.72877e-41
3.02723e-12 3.7211e-41
3.02844e-12 3.71344e-41
3.02965e-12 3.70579e-41
3.03086e-12 3.69816e-41
3.03207e-12 3.69054e-41
3.03328e-12 3.68293e-41
3.03449e-12 3.67533e-41
3.0357e-12 3.66775e-41
3.03691e-12 3.66018e-41
3.03812e-12 3.65262e-41
3.03933e-12 3.64508e-41
3.04054e-12 3.63754e-41
3.04175e-12 3.63003e-41
3.04296e-12 3.62252e-41
3.04417e-12 3.61502e-41
3.04538e-12 3.60754e-41
3.04658e-12 3.60007e-41
3.04779e-12 3.59262e-41
3.049e-12 3.58517e-41
3.05021e-12 3.57774e-41
3.05142e-12 3.57032e-41
3.05263e-12 3.56291e-41
3.05384e-12 3.55552e-41
3.05505e-12 3.54814e-41
3.05626e-12 3.54077e-41
3.05747e-12 3.53341e-41
3.05868e-12 3.52607e-41
3.05989e-12 3.51873e-41
3.0611e-12 3.51141e-41
3.06231e-12 3.50411e-41
3.06352e-12 3.49681e-41
3.06473e-12 3.48953e-41
3.06594e-12 3.48226e-41
3.06715e-12 3.475e-41
3.06835e-12 3.46775e-41
3.06956e-12 3.46052e-41
3.07077e-12 3.4533e-41
3.07198e-12 3.44609e-41
3.07319e-12 3.43889e-41
3.0744e-12 3.43171e-41
3.07561e-12 3.42453e-41
3.07682e-12 3.41737e-41
3.07803e-12 3.41022e-41
3.07924e-12 3.40309e-41
3.08045e-12 3.39596e-41
3.08166e-12 3.38885e-41
3.08287e-12 3.38175e-41
3.08408e-12 3.37466e-41
3.08529e-12 3.36759e-41
3.0865e-12 3.36052e-41
3.08771e-12 3.35347e-41
3.08892e-12 3.34643e-41
3.09012e-12 3.33941e-41
3.09133e-12 3.33239e-41
3.09254e-12 3.32539e-41
3.09375e-12 3.31839e-41
3.09496e-12 3.31141e-41
3.09617e-12 3.30445e-41
3.09738e-12 3.29749e-41
3.09859e-12 3.29055e-41
3.0998e-12 3.28361e-41
3.10101e-12 3.27669e-41
3.10222e-12 3.26978e-41
3.10343e-12 3.26289e-41
3.10464e-12 3.256e-41
3.10585e-12 3.24913e-41
3.10706e-12 3.24227e-41
3.10827e-12 3.23542e-41
3.10948e-12 3.22858e-41
3.11069e-12 3.22175e-41
3.11189e-12 3.21494e-41
3.1131e-12 3.20814e-41
3.11431e-12 3.20135e-41
3.11552e-12 3.19457e-41
3.11673e-12 3.1878e-41
3.11794e-12 3.18104e-41
3.11915e-12 3.1743e-41
3.12036e-12 3.16757e-41
3.12157e-12 3.16085e-41
3.12278e-12 3.15414e-41
3.12399e-12 3.14744e-41
3.1252e-12 3.14075e-41
3.12641e-12 3.13408e-41
3.12762e-12 3.12741e-41
3.12883e-12 3.12076e-41
3.13004e-12 3.11412e-41
3.13125e-12 3.10749e-41
3.13246e-12 3.10088e-41
3.13366e-12 3.09427e-41
3.13487e-12 3.08768e-41
3.13608e-12 3.08109e-41
3.13729e-12 3.07452e-41
3.1385e-12 3.06796e-41
3.13971e-12 3.06141e-41
3.14092e-12 3.05488e-41
3.14213e-12 3.04835e-41
3.14334e-12 3.04184e-41
3.14455e-12 3.03533e-41
3.14576e-12 3.02884e-41
3.14697e-12 3.02236e-41
3.14818e-12 3.01589e-41
3.14939e-12 3.00943e-41
3.1506e-12 3.00298e-41
3.15181e-12 2.99655e-41
3.15302e-12 2.99012e-41
3.15423e-12 2.98371e-41
3.15543e-12 2.97731e-41
3.15664e-12 2.97092e-41
3.15785e-12 2.96454e-41
3.15906e-12 2.95817e-41
3.16027e-12 2.95181e-41
3.16148e-12 2.94547e-41
3.16269e-12 2.93913e-41
3.1639e-12 2.93281e-41
3.16511e-12 2.92649e-41
3.16632e-12 2.92019e-41
3.16753e-12 2.9139e-41
3.16874e-12 2.90762e-41
3.16995e-12 2.90135e-41
3.17116e-12 2.89509e-41
3.17237e-12 2.88885e-41
3.17358e-12 2.88261e-41
3.17479e-12 2.87639e-41
3.176e-12 2.87017e-41
3.1772e-12 2.86397e-41
3.17841e-12 2.85778e-41
3.17962e-12 2.8516e-41
3.18083e-12 2.84543e-41
3.18204e-12 2.83927e-41
3.18325e-12 2.83312e-41
3.18446e-12 2.82698e-41
3.18567e-12 2.82085e-41
3.18688e-12 2.81474e-41
3.18809e-12 2.80863e-41
3.1893e-12 2.80254e-41
3.19051e-12 2.79645e-41
3.19172e-12 2.79038e-41
3.19293e-12 2.78432e-41
3.19414e-12 2.77827e-41
3.19535e-12 2.77222e-41
3.19656e-12 2.76619e-41
3.19777e-12 2.76018e-41
3.19897e-12 2.75417e-41
3.20018e-12 2.74817e-41
3.20139e-12 2.74218e-41
3.2026e-12 2.7362e-41
3.20381e-12 2.73024e-41
3.20502e-12 2.72428e-41
3.20623e-12 2.71834e-41
3.20744e-12 2.7124e-41
3.20865e-12 2.70648e-41
3.20986e-12 2.70056e-41
3.21107e-12 2.69466e-41
3.21228e-12 2.68877e-41
3.21349e-12 2.68289e-41
3.2147e-12 2.67702e-41
3.21591e-12 2.67115e-41
3.21712e-12 2.6653e-41
3.21833e-12 2.65946e-41
3.21954e-12 2.65363e-41
3.22074e-12 2.64782e-41
3.22195e-12 2.64201e-41
3.22316e-12 2.63621e-41
3.22437e-12 2.63042e-41
3.22558e-12 2.62464e-41
3.22679e-12 2.61887e-41
3.228e-12 2.61312e-41
3.22921e-12 2.60737e-41
3.23042e-12 2.60163e-41
3.23163e-12 2.59591e-41
3.23284e-12 2.59019e-41
3.23405e-12 2.58449e-41
3.23526e-12 2.57879e-41
3.23647e-12 2.57311e-41
3.23768e-12 2.56743e-41
3.23889e-12 2.56177e-41
3.2401e-12 2.55611e-41
3.2413e-12 2.55047e-41
3.24251e-12 2.54487e-41
3.24372e-12 2.53924e-41
3.24493e-12 2.53363e-41
3.24614e-12 2.52802e-41
3.24735e-12 2.52243e-41
3.24856e-12 2.51685e-41
3.24977e-12 2.51127e-41
3.25098e-12 2.50571e-41
3.25219e-12 2.50015e-41
3.2534e-12 2.49461e-41
3.25461e-12 2.48908e-41
3.25582e-12 2.48355e-41
3.25703e-12 2.47804e-41
3.25824e-12 2.47254e-41
3.25945e-12 2.46704e-41
3.26066e-12 2.46156e-41
3.26187e-12 2.45608e-41
3.26307e-12 2.45062e-41
3.26428e-12 2.44517e-41
3.26549e-12 2.43972e-41
3.2667e-12 2.43429e-41
3.26791e-12 2.42886e-41
3.26912e-12 2.42345e-41
3.27033e-12 2.41804e-41
3.27154e-12 2.41265e-41
3.27275e-12 2.40726e-41
3.27396e-12 2.40189e-41
3.27517e-12 2.39652e-41
3.27638e-12 2.39117e-41
3.27759e-12 2.38582e-41
3.2788e-12 2.38048e-41
3.28001e-12 2.37516e-41
3.28122e-12 2.36984e-41
3.28243e-12 2.36453e-41
3.28364e-12 2.35923e-41
3.28484e-12 2.35395e-41
3.28605e-12 2.34867e-41
3.28726e-12 2.3434e-41
3.28847e-12 2.33814e-41
3.28968e-12 2.33289e-41
3.29089e-12 2.32765e-41
3.2921e-12 2.32242e-41
3.29331e-12 2.3172e-41
3.29452e-12 2.31199e-41
3.29573e-12 2.30679e-41
3.29694e-12 2.3016e-41
3.29815e-12 2.29641e-41
3.29936e-12 2.29124e-41
3.30057e-12 2.28608e-41
3.30178e-12 2.28092e-41
3.30299e-12 2.27578e-41
3.3042e-12 2.27064e-41
3.30541e-12 2.26552e-41
3.30661e-12 2.2604e-41
3.30782e-12 2.25529e-41
3.30903e-12 2.2502e-41
3.31024e-12 2.24511e-41
3.31145e-12 2.24003e-41
3.31266e-12 2.23496e-41
3.31387e-12 2.2299e-41
3.31508e-12 2.22485e-41
3.31629e-12 2.21981e-41
3.3175e-12 2.21478e-41
3.31871e-12 2.20975e-41
3.31992e-12 2.20474e-41
3.32113e-12 2.19973e-41
3.32234e-12 2.19474e-41
3.32355e-12 2.18975e-41
3.32476e-12 2.18478e-41
3.32597e-12 2.17981e-41
3.32718e-12 2.17485e-41
3.32838e-12 2.1699e-41
3.32959e-12 2.16496e-41
3.3308e-12 2.16003e-41
3.33201e-12 2.15511e-41
3.33322e-12 2.1502e-41
3.33443e-12 2.14529e-41
3.33564e-12 2.1404e-41
3.33685e-12 2.13551e-41
3.33806e-12 2.13064e-41
3.33927e-12 2.12577e-41
3.34048e-12 2.12091e-41
3.34169e-12 2.11606e-41
3.3429e-12 2.11122e-41
3.34411e-12 2.10639e-41
3.34532e-12 2.10156e-41
3.34653e-12 2.09675e-41
3.34774e-12 2.09195e-41
3.34895e-12 2.08715e-41
3.35015e-12 2.08237e-41
3.35136e-12 2.07759e-41
3.35257e-12 2.07282e-41
3.35378e-12 2.06806e-41
3.35499e-12 2.06331e-41
3.3562e-12 2.05857e-41
3.35741e-12 2.05384e-41
3.35862e-12 2.04911e-41
3.35983e-12 2.0444e-41
3.36104e-12 2.03969e-41
3.36225e-12 2.03499e-41
3.36346e-12 2.0303e-41
3.36467e-12 2.02562e-41
3.36588e-12 2.02095e-41
3.36709e-12 2.01629e-41
3.3683e-12 2.01164e-41
3.36951e-12 2.00699e-41
3.37072e-12 2.00236e-41
3.37192e-12 1.99773e-41
3.37313e-12 1.99311e-41
3.37434e-12 1.9885e-41
3.37555e-12 1.9839e-41
3.37676e-12 1.9793e-41
3.37797e-12 1.97472e-41
3.37918e-12 1.97014e-41
3.38039e-12 1.96558e-41
3.3816e-12 1.96102e-41
3.38281e-12 1.95647e-41
3.38402e-12 1.95193e-41
3.38523e-12 1.9474e-41
3.38644e-12 1.94287e-41
3.38765e-12 1.93836e-41
3.38886e-12 1.93385e-41
3.39007e-12 1.92935e-41
3.39128e-12 1.92486e-41
3.39249e-12 1.92038e-41
3.39369e-12 1.91591e-41
3.3949e-12 1.91144e-41
3.39611e-12 1.90698e-41
3.39732e-12 1.90254e-41
3.39853e-12 1.8981e-41
3.39974e-12 1.89367e-41
3.40095e-12 1.88924e-41
3.40216e-12 1.88483e-41
3.40337e-12 1.88042e-41
3.40458e-12 1.87603e-41
3.40579e-12 1.87164e-41
3.407e-12 1.86726e-41
3.40821e-12 1.86288e-41
3.40942e-12 1.85852e-41
3.41063e-12 1.85416e-41
3.41184e-12 1.84982e-41
3.41305e-12 1.84548e-41
3.41426e-12 1.84115e-41
3.41546e-12 1.83682e-41
3.41667e-12 1.83251e-41
3.41788e-12 1.8282e-41
3.41909e-12 1.8239e-41
3.4203e-12 1.81961e-41
3.42151e-12 1.81533e-41
3.42272e-12 1.81106e-41
3.42393e-12 1.80679e-41
3.42514e-12 1.80254e-41
3.42635e-12 1.79829e-41
3.42756e-12 1.79405e-41
3.42877e-12 1.78981e-41
3.42998e-12 1.78559e-41
3.43119e-12 1.78137e-41
3.4324e-12 1.77716e-41
3.43361e-12 1.77296e-41
3.43482e-12 1.76877e-41
3.43603e-12 1.76458e-41
3.43723e-12 1.76041e-41
3.43844e-12 1.75624e-41
3.43965e-12 1.75208e-41
3.44086e-12 1.74793e-41
3.44207e-12 1.74378e-41
3.44328e-12 1.73965e-41
3.44449e-12 1.73552e-41
3.4457e-12 1.7314e-41
3.44691e-12 1.72728e-41
3.44812e-12 1.72318e-41
3.44933e-12 1.71908e-41
3.45054e-12 1.71499e-41
3.45175e-12 1.71091e-41
3.45296e-12 1.70684e-41
3.45417e-12 1.70277e-41
3.45538e-12 1.69871e-41
3.45659e-12 1.69466e-41
3.4578e-12 1.69062e-41
3.459e-12 1.68659e-41
3.46021e-12 1.68256e-41
3.46142e-12 1.67854e-41
3.46263e-12 1.67453e-41
3.46384e-12 1.67053e-41
3.46505e-12 1.66653e-41
3.46626e-12 1.66254e-41
3.46747e-12 1.65856e-41
3.46868e-12 1.65459e-41
3.46989e-12 1.65063e-41
3.4711e-12 1.64667e-41
3.47231e-12 1.64272e-41
3.47352e-12 1.63878e-41
3.47473e-12 1.63484e-41
3.47594e-12 1.63092e-41
3.47715e-12 1.627e-41
3.47836e-12 1.62309e-41
3.47957e-12 1.61918e-41
3.48077e-12 1.61529e-41
3.48198e-12 1.6114e-41
3.48319e-12 1.60752e-41
3.4844e-12 1.60364e-41
3.48561e-12 1.59978e-41
3.48682e-12 1.59592e-41
3.48803e-12 1.59207e-41
3.48924e-12 1.58823e-41
3.49045e-12 1.58439e-41
3.49166e-12 1.58056e-41
3.49287e-12 1.57674e-41
3.49408e-12 1.57293e-41
3.49529e-12 1.56912e-41
3.4965e-12 1.56532e-41
3.49771e-12 1.56153e-41
3.49892e-12 1.55775e-41
3.50013e-12 1.55397e-41
3.50134e-12 1.5502e-41
3.50254e-12 1.54644e-41
3.50375e-12 1.54269e-41
3.50496e-12 1.53894e-41
3.50617e-12 1.5352e-41
3.50738e-12 1.53147e-41
3.50859e-12 1.52774e-41
3.5098e-12 1.52402e-41
3.51101e-12 1.52031e-41
3.51222e-12 1.51661e-41
3.51343e-12 1.51292e-41
3.51464e-12 1.50923e-41
3.51585e-12 1.50555e-41
3.51706e-12 1.50187e-41
3.51827e-12 1.4982e-41
3.51948e-12 1.49454e-41
3.52069e-12 1.49089e-41
3.5219e-12 1.48725e-41
3.52311e-12 1.48361e-41
3.52431e-12 1.47998e-41
3.52552e-12 1.47635e-41
3.52673e-12 1.47274e-41
3.52794e-12 1.46913e-41
3.52915e-12 1.46552e-41
3.53036e-12 1.46193e-41
3.53157e-12 1.45834e-41
3.53278e-12 1.45476e-41
3.53399e-12 1.45119e-41
3.5352e-12 1.44762e-41
3.53641e-12 1.44406e-41
3.53762e-12 1.4405e-41
3.53883e-12 1.43696e-41
3.54004e-12 1.43342e-41
3.54125e-12 1.42989e-41
3.54246e-12 1.42636e-41
3.54367e-12 1.42284e-41
3.54487e-12 1.41933e-41
3.54608e-12 1.41583e-41
3.54729e-12 1.41233e-41
3.5485e-12 1.4083e-41
3.54971e-12 1.40482e-41
3.55092e-12 1.40135e-41
3.55213e-12 1.39789e-41
3.55334e-12 1.39443e-41
3.55455e-12 1.39098e-41
3.55576e-12 1.38753e-41
3.55697e-12 1.38409e-41
3.55818e-12 1.38066e-41
3.55939e-12 1.37724e-41
3.5606e-12 1.37382e-41
3.56181e-12 1.37041e-41
3.56302e-12 1.367e-41
3.56423e-12 1.36361e-41
3.56544e-12 1.36022e-41
3.56664e-12 1.35683e-41
3.56785e-12 1.35346e-41
3.56906e-12 1.35009e-41
3.57027e-12 1.34672e-41
3.57148e-12 1.34336e-41
3.57269e-12 1.34001e-41
3.5739e-12 1.33667e-41
3.57511e-12 1.33333e-41
3.57632e-12 1.33e-41
3.57753e-12 1.32668e-41
3.57874e-12 1.32336e-41
3.57995e-12 1.32005e-41
3.58116e-12 1.31675e-41
3.58237e-12 1.31345e-41
3.58358e-12 1.31016e-41
3.58479e-12 1.30688e-41
3.586e-12 1.3036e-41
3.58721e-12 1.30033e-41
3.58841e-12 1.29707e-41
3.58962e-12 1.29381e-41
3.59083e-12 1.29056e-41
3.59204e-12 1.28731e-41
3.59325e-12 1.28407e-41
3.59446e-12 1.28084e-41
3.59567e-12 1.27762e-41
3.59688e-12 1.2744e-41
3.59809e-12 1.27119e-41
3.5993e-12 1.26798e-41
3.60051e-12 1.26478e-41
3.60172e-12 1.26159e-41
3.60293e-12 1.2584e-41
3.60414e-12 1.25522e-41
3.60535e-12 1.25205e-41
3.60656e-12 1.24888e-41
3.60777e-12 1.24572e-41
3.60898e-12 1.24257e-41
3.61018e-12 1.23942e-41
3.61139e-12 1.23628e-41
3.6126e-12 1.23314e-41
3.61381e-12 1.23001e-41
3.61502e-12 1.22689e-41
3.61623e-12 1.22377e-41
3.61744e-12 1.22066e-41
3.61865e-12 1.21756e-41
3.61986e-12 1.21446e-41
3.62107e-12 1.21137e-41
3.62228e-12 1.20829e-41
3.62349e-12 1.20521e-41
3.6247e-12 1.20214e-41
3.62591e-12 1.19907e-41
3.62712e-12 1.19601e-41
